config,solver,checkpoint_path,tier,candidates,iterations,elites,episode_id,success,env_steps_used,num_replans,predictor_forwards_total,wallclock_per_plan_ms,wallclock_episode_s,episodes_hash,traj_id,start_idx,cem_seed
qcmbg05,icem,lewm_qcmbg05_scale_cube_s3072/weights_epoch_10.pt,T1,300,30,30,0,0,50,2,90000,1530.5,3.51,3d9dfd7010c3,273,33,59584227
qcmbg05,icem,lewm_qcmbg05_scale_cube_s3072/weights_epoch_10.pt,T1,300,30,30,1,1,1,1,45000,1316.3,1.33,3d9dfd7010c3,390,153,993085830
qcmbg05,icem,lewm_qcmbg05_scale_cube_s3072/weights_epoch_10.pt,T1,300,30,30,2,0,50,2,90000,1251.0,2.91,3d9dfd7010c3,428,100,696575592
qcmbg05,icem,lewm_qcmbg05_scale_cube_s3072/weights_epoch_10.pt,T1,300,30,30,3,0,50,2,90000,1254.5,2.92,3d9dfd7010c3,465,21,288915725
qcmbg05,icem,lewm_qcmbg05_scale_cube_s3072/weights_epoch_10.pt,T1,300,30,30,4,0,50,2,90000,1269.6,2.96,3d9dfd7010c3,604,100,217037236
qcmbg05,icem,lewm_qcmbg05_scale_cube_s3072/weights_epoch_10.pt,T1,300,30,30,5,1,18,1,45000,1274.3,1.43,3d9dfd7010c3,662,140,877911761
qcmbg05,icem,lewm_qcmbg05_scale_cube_s3072/weights_epoch_10.pt,T1,300,30,30,6,0,50,2,90000,1279.9,2.98,3d9dfd7010c3,1052,9,652636479
qcmbg05,icem,lewm_qcmbg05_scale_cube_s3072/weights_epoch_10.pt,T1,300,30,30,7,1,1,1,45000,1276.0,1.29,3d9dfd7010c3,1113,85,509220442
qcmbg05,icem,lewm_qcmbg05_scale_cube_s3072/weights_epoch_10.pt,T1,300,30,30,8,1,1,1,45000,1282.0,1.29,3d9dfd7010c3,1212,2,1178142220
qcmbg05,icem,lewm_qcmbg05_scale_cube_s3072/weights_epoch_10.pt,T1,300,30,30,9,0,50,2,90000,1280.3,2.98,3d9dfd7010c3,1254,9,2122670441
qcmbg05,icem,lewm_qcmbg05_scale_cube_s3072/weights_epoch_10.pt,T1,300,30,30,10,1,12,1,45000,1272.3,1.38,3d9dfd7010c3,1328,140,2024445908
qcmbg05,icem,lewm_qcmbg05_scale_cube_s3072/weights_epoch_10.pt,T1,300,30,30,11,0,50,2,90000,1266.5,2.96,3d9dfd7010c3,1413,7,1075245233
qcmbg05,icem,lewm_qcmbg05_scale_cube_s3072/weights_epoch_10.pt,T1,300,30,30,12,1,8,1,45000,1285.8,1.37,3d9dfd7010c3,1737,123,1386438495
qcmbg05,icem,lewm_qcmbg05_scale_cube_s3072/weights_epoch_10.pt,T1,300,30,30,13,1,1,1,45000,1281.8,1.29,3d9dfd7010c3,1792,173,1780430906
qcmbg05,icem,lewm_qcmbg05_scale_cube_s3072/weights_epoch_10.pt,T1,300,30,30,14,1,1,1,45000,1268.4,1.28,3d9dfd7010c3,1821,157,2009596035
qcmbg05,icem,lewm_qcmbg05_scale_cube_s3072/weights_epoch_10.pt,T1,300,30,30,15,1,22,1,45000,1279.8,1.5,3d9dfd7010c3,1856,44,1333028838
qcmbg05,icem,lewm_qcmbg05_scale_cube_s3072/weights_epoch_10.pt,T1,300,30,30,16,1,1,1,45000,1282.5,1.29,3d9dfd7010c3,1899,155,1572980744
qcmbg05,icem,lewm_qcmbg05_scale_cube_s3072/weights_epoch_10.pt,T1,300,30,30,17,0,50,2,90000,1267.6,2.95,3d9dfd7010c3,1902,102,1702735725
qcmbg05,icem,lewm_qcmbg05_scale_cube_s3072/weights_epoch_10.pt,T1,300,30,30,18,1,1,1,45000,1264.5,1.27,3d9dfd7010c3,2099,160,1025425211
qcmbg05,icem,lewm_qcmbg05_scale_cube_s3072/weights_epoch_10.pt,T1,300,30,30,19,1,18,1,45000,1248.6,1.42,3d9dfd7010c3,2160,135,94558302
qcmbg05,icem,lewm_qcmbg05_scale_cube_s3072/weights_epoch_10.pt,T1,300,30,30,20,1,1,1,45000,1249.3,1.26,3d9dfd7010c3,2191,7,1057680644
qcmbg05,icem,lewm_qcmbg05_scale_cube_s3072/weights_epoch_10.pt,T1,300,30,30,21,0,50,2,90000,1297.2,3.03,3d9dfd7010c3,2521,12,129403489
qcmbg05,icem,lewm_qcmbg05_scale_cube_s3072/weights_epoch_10.pt,T1,300,30,30,22,0,50,2,90000,1278.1,2.99,3d9dfd7010c3,2651,103,352527759
qcmbg05,icem,lewm_qcmbg05_scale_cube_s3072/weights_epoch_10.pt,T1,300,30,30,23,1,1,1,45000,1263.3,1.27,3d9dfd7010c3,2653,69,767509226
qcmbg05,icem,lewm_qcmbg05_scale_cube_s3072/weights_epoch_10.pt,T1,300,30,30,24,1,1,1,45000,1258.6,1.27,3d9dfd7010c3,2658,154,812153427
qcmbg05,icem,lewm_qcmbg05_scale_cube_s3072/weights_epoch_10.pt,T1,300,30,30,25,1,16,1,45000,1282.8,1.44,3d9dfd7010c3,2835,140,148118838
qcmbg05,icem,lewm_qcmbg05_scale_cube_s3072/weights_epoch_10.pt,T1,300,30,30,26,1,20,1,45000,1272.1,1.47,3d9dfd7010c3,2962,42,442610392
qcmbg05,icem,lewm_qcmbg05_scale_cube_s3072/weights_epoch_10.pt,T1,300,30,30,27,1,1,1,45000,1291.4,1.3,3d9dfd7010c3,2968,169,584963517
qcmbg05,icem,lewm_qcmbg05_scale_cube_s3072/weights_epoch_10.pt,T1,300,30,30,28,0,50,2,90000,1272.1,2.96,3d9dfd7010c3,3064,17,2059322859
qcmbg05,icem,lewm_qcmbg05_scale_cube_s3072/weights_epoch_10.pt,T1,300,30,30,29,1,18,1,45000,1270.8,1.45,3d9dfd7010c3,3197,128,1107468942
qcmbg05,icem,lewm_qcmbg05_scale_cube_s3072/weights_epoch_10.pt,T1,300,30,30,30,1,42,2,90000,1283.0,2.97,3d9dfd7010c3,3204,29,40551604
qcmbg05,icem,lewm_qcmbg05_scale_cube_s3072/weights_epoch_10.pt,T1,300,30,30,31,1,3,1,45000,1299.7,1.33,3d9dfd7010c3,3413,148,987145169
qcmbg05,icem,lewm_qcmbg05_scale_cube_s3072/weights_epoch_10.pt,T1,300,30,30,32,1,1,1,45000,1287.2,1.3,3d9dfd7010c3,3518,6,677579839
qcmbg05,icem,lewm_qcmbg05_scale_cube_s3072/weights_epoch_10.pt,T1,300,30,30,33,1,1,1,45000,1281.2,1.29,3d9dfd7010c3,3522,174,283077466
qcmbg05,icem,lewm_qcmbg05_scale_cube_s3072/weights_epoch_10.pt,T1,300,30,30,34,1,23,1,45000,1250.7,1.46,3d9dfd7010c3,3525,110,218649571
qcmbg05,icem,lewm_qcmbg05_scale_cube_s3072/weights_epoch_10.pt,T1,300,30,30,35,1,1,1,45000,1261.1,1.27,3d9dfd7010c3,3661,6,901002374
qcmbg05,icem,lewm_qcmbg05_scale_cube_s3072/weights_epoch_10.pt,T1,300,30,30,36,1,4,1,45000,1260.3,1.3,3d9dfd7010c3,3708,61,654416744
qcmbg05,icem,lewm_qcmbg05_scale_cube_s3072/weights_epoch_10.pt,T1,300,30,30,37,1,17,1,45000,1278.1,1.45,3d9dfd7010c3,3728,129,532544525
qcmbg05,icem,lewm_qcmbg05_scale_cube_s3072/weights_epoch_10.pt,T1,300,30,30,38,1,21,1,45000,1258.8,1.47,3d9dfd7010c3,3738,116,1205791835
qcmbg05,icem,lewm_qcmbg05_scale_cube_s3072/weights_epoch_10.pt,T1,300,30,30,39,1,1,1,45000,1268.8,1.28,3d9dfd7010c3,3750,87,2137164606
qcmbg05,icem,lewm_qcmbg05_scale_cube_s3072/weights_epoch_10.pt,T1,300,30,30,40,1,1,1,45000,1272.1,1.28,3d9dfd7010c3,3758,150,810162340
qcmbg05,icem,lewm_qcmbg05_scale_cube_s3072/weights_epoch_10.pt,T1,300,30,30,41,1,22,1,45000,1259.0,1.48,3d9dfd7010c3,3784,49,150372289
qcmbg05,icem,lewm_qcmbg05_scale_cube_s3072/weights_epoch_10.pt,T1,300,30,30,42,1,5,1,45000,1275.2,1.32,3d9dfd7010c3,3984,57,440651823
qcmbg05,icem,lewm_qcmbg05_scale_cube_s3072/weights_epoch_10.pt,T1,300,30,30,43,0,50,2,90000,1268.7,2.96,3d9dfd7010c3,3988,22,587183946
qcmbg05,icem,lewm_qcmbg05_scale_cube_s3072/weights_epoch_10.pt,T1,300,30,30,44,1,1,1,45000,1259.4,1.27,3d9dfd7010c3,4128,122,1059622899
qcmbg05,icem,lewm_qcmbg05_scale_cube_s3072/weights_epoch_10.pt,T1,300,30,30,45,1,1,1,45000,1279.9,1.29,3d9dfd7010c3,4558,156,127199382
qcmbg05,icem,lewm_qcmbg05_scale_cube_s3072/weights_epoch_10.pt,T1,300,30,30,46,1,12,1,45000,1280.6,1.39,3d9dfd7010c3,4592,144,354502520
qcmbg05,icem,lewm_qcmbg05_scale_cube_s3072/weights_epoch_10.pt,T1,300,30,30,47,1,38,2,90000,1305.2,2.98,3d9dfd7010c3,4620,27,765272093
qcmbg05,icem,lewm_qcmbg05_scale_cube_s3072/weights_epoch_10.pt,T1,300,30,30,48,1,1,1,45000,1249.2,1.26,3d9dfd7010c3,4669,86,1979592779
qcmbg05,icem,lewm_qcmbg05_scale_cube_s3072/weights_epoch_10.pt,T1,300,30,30,49,1,17,1,45000,1279.4,1.44,3d9dfd7010c3,4735,142,1296193326
qcmbg05,icem,lewm_qcmbg05_scale_cube_s3072/weights_epoch_10.pt,T1,300,30,30,50,0,50,2,90000,1259.8,2.93,3d9dfd7010c3,4744,13,220868884
qcmbg05,icem,lewm_qcmbg05_scale_cube_s3072/weights_epoch_10.pt,T1,300,30,30,51,0,50,2,90000,1255.4,2.92,3d9dfd7010c3,4839,20,899044977
qcmbg05,icem,lewm_qcmbg05_scale_cube_s3072/weights_epoch_10.pt,T1,300,30,30,52,1,1,1,45000,1235.5,1.25,3d9dfd7010c3,4972,165,656669087
qcmbg05,icem,lewm_qcmbg05_scale_cube_s3072/weights_epoch_10.pt,T1,300,30,30,53,1,22,1,45000,1254.6,1.47,3d9dfd7010c3,4978,48,530554618
qcmbg05,icem,lewm_qcmbg05_scale_cube_s3072/weights_epoch_10.pt,T1,300,30,30,54,0,50,2,90000,1261.2,2.93,3d9dfd7010c3,5006,10,38315587
qcmbg05,icem,lewm_qcmbg05_scale_cube_s3072/weights_epoch_10.pt,T1,300,30,30,55,0,50,2,90000,1244.6,2.9,3d9dfd7010c3,5164,97,989118758
qcmbg05,icem,lewm_qcmbg05_scale_cube_s3072/weights_epoch_10.pt,T1,300,30,30,56,1,1,1,45000,1284.4,1.29,3d9dfd7010c3,5381,92,675376840
qcmbg05,icem,lewm_qcmbg05_scale_cube_s3072/weights_epoch_10.pt,T1,300,30,30,57,1,20,1,45000,1264.6,1.46,3d9dfd7010c3,5382,129,285018541
qcmbg05,icem,lewm_qcmbg05_scale_cube_s3072/weights_epoch_10.pt,T1,300,30,30,58,1,1,1,45000,1268.5,1.28,3d9dfd7010c3,5601,66,1218320891
qcmbg05,icem,lewm_qcmbg05_scale_cube_s3072/weights_epoch_10.pt,T1,300,30,30,59,0,50,2,90000,1250.5,2.92,3d9dfd7010c3,5621,105,1881308830
qcmbg05,icem,lewm_qcmbg05_scale_cube_s3072/weights_epoch_10.pt,T1,300,30,30,60,1,19,1,45000,1251.7,1.43,3d9dfd7010c3,5862,116,1250577348
qcmbg05,icem,lewm_qcmbg05_scale_cube_s3072/weights_epoch_10.pt,T1,300,30,30,61,1,5,1,45000,1274.6,1.32,3d9dfd7010c3,5908,61,1916152993
qcmbg05,icem,lewm_qcmbg05_scale_cube_s3072/weights_epoch_10.pt,T1,300,30,30,62,1,1,1,45000,1259.5,1.27,3d9dfd7010c3,6100,68,1619231567
qcmbg05,icem,lewm_qcmbg05_scale_cube_s3072/weights_epoch_10.pt,T1,300,30,30,63,1,1,1,45000,1263.6,1.27,3d9dfd7010c3,6195,168,1480582186
qcmbg05,icem,lewm_qcmbg05_scale_cube_s3072/weights_epoch_10.pt,T1,300,30,30,64,0,50,2,90000,1265.2,2.96,3d9dfd7010c3,6328,9,1172888723
qcmbg05,icem,lewm_qcmbg05_scale_cube_s3072/weights_epoch_10.pt,T1,300,30,30,65,1,1,1,45000,1245.9,1.26,3d9dfd7010c3,6449,1,2102705142
qcmbg05,icem,lewm_qcmbg05_scale_cube_s3072/weights_epoch_10.pt,T1,300,30,30,66,0,50,2,90000,1278.3,2.98,3d9dfd7010c3,6459,13,1877021720
qcmbg05,icem,lewm_qcmbg05_scale_cube_s3072/weights_epoch_10.pt,T1,300,30,30,67,1,21,1,45000,1267.8,1.47,3d9dfd7010c3,6566,114,1465742205
qcmbg05,icem,lewm_qcmbg05_scale_cube_s3072/weights_epoch_10.pt,T1,300,30,30,68,0,50,2,90000,1238.2,2.89,3d9dfd7010c3,6921,17,255746859
qcmbg05,icem,lewm_qcmbg05_scale_cube_s3072/weights_epoch_10.pt,T1,300,30,30,69,1,1,1,45000,1275.8,1.29,3d9dfd7010c3,6929,81,931267662
qcmbg05,icem,lewm_qcmbg05_scale_cube_s3072/weights_epoch_10.pt,T1,300,30,30,70,1,1,1,45000,1241.8,1.25,3d9dfd7010c3,6977,156,2011849332
qcmbg05,icem,lewm_qcmbg05_scale_cube_s3072/weights_epoch_10.pt,T1,300,30,30,71,1,13,1,45000,1283.3,1.4,3d9dfd7010c3,6979,58,1331037457
qcmbg05,icem,lewm_qcmbg05_scale_cube_s3072/weights_epoch_10.pt,T1,300,30,30,72,1,1,1,45000,1278.9,1.29,3d9dfd7010c3,7034,161,1575201535
qcmbg05,icem,lewm_qcmbg05_scale_cube_s3072/weights_epoch_10.pt,T1,300,30,30,73,1,8,1,45000,1279.4,1.35,3d9dfd7010c3,7050,53,1700777370
qcmbg05,icem,lewm_qcmbg05_scale_cube_s3072/weights_epoch_10.pt,T1,300,30,30,74,1,1,1,45000,1276.8,1.29,3d9dfd7010c3,7140,4,2022241571
qcmbg05,icem,lewm_qcmbg05_scale_cube_s3072/weights_epoch_10.pt,T1,300,30,30,75,0,50,2,90000,1267.3,2.96,3d9dfd7010c3,7150,22,1077187142
qcmbg05,icem,lewm_qcmbg05_scale_cube_s3072/weights_epoch_10.pt,T1,300,30,30,76,1,1,1,45000,1285.2,1.29,3d9dfd7010c3,7272,95,1384201640
qcmbg05,icem,lewm_qcmbg05_scale_cube_s3072/weights_epoch_10.pt,T1,300,30,30,77,1,9,1,45000,1267.3,1.36,3d9dfd7010c3,7292,127,1782405837
qcmbg05,icem,lewm_qcmbg05_scale_cube_s3072/weights_epoch_10.pt,T1,300,30,30,78,1,1,1,45000,1274.0,1.28,3d9dfd7010c3,7351,90,845040283
qcmbg05,icem,lewm_qcmbg05_scale_cube_s3072/weights_epoch_10.pt,T1,300,30,30,79,1,1,1,45000,1252.2,1.26,3d9dfd7010c3,7538,88,182595070
qcmbg05,icem,lewm_qcmbg05_scale_cube_s3072/weights_epoch_10.pt,T1,300,30,30,80,1,1,1,45000,1271.4,1.28,3d9dfd7010c3,7558,71,1975186853
qcmbg05,icem,lewm_qcmbg05_scale_cube_s3072/weights_epoch_10.pt,T1,300,30,30,81,1,1,1,45000,1268.9,1.28,3d9dfd7010c3,7630,0,1292276416
qcmbg05,icem,lewm_qcmbg05_scale_cube_s3072/weights_epoch_10.pt,T1,300,30,30,82,1,20,1,45000,1247.5,1.44,3d9dfd7010c3,7650,136,1605582126
qcmbg05,icem,lewm_qcmbg05_scale_cube_s3072/weights_epoch_10.pt,T1,300,30,30,83,0,50,2,90000,1247.6,2.91,3d9dfd7010c3,7692,15,1729059403
qcmbg05,icem,lewm_qcmbg05_scale_cube_s3072/weights_epoch_10.pt,T1,300,30,30,84,1,1,1,45000,1249.0,1.26,3d9dfd7010c3,7983,2,2061001458
qcmbg05,icem,lewm_qcmbg05_scale_cube_s3072/weights_epoch_10.pt,T1,300,30,30,85,1,20,1,45000,1254.2,1.44,3d9dfd7010c3,8241,118,1113851287
qcmbg05,icem,lewm_qcmbg05_scale_cube_s3072/weights_epoch_10.pt,T1,300,30,30,86,1,10,1,45000,1262.9,1.35,3d9dfd7010c3,8246,56,1355917945
qcmbg05,icem,lewm_qcmbg05_scale_cube_s3072/weights_epoch_10.pt,T1,300,30,30,87,1,1,1,45000,1245.7,1.26,3d9dfd7010c3,8252,159,1752026396
qcmbg05,icem,lewm_qcmbg05_scale_cube_s3072/weights_epoch_10.pt,T1,300,30,30,88,1,21,1,45000,1256.8,1.45,3d9dfd7010c3,8385,31,806280522
qcmbg05,icem,lewm_qcmbg05_scale_cube_s3072/weights_epoch_10.pt,T1,300,30,30,89,1,1,1,45000,1258.8,1.27,3d9dfd7010c3,8605,85,145930799
qcmbg05,icem,lewm_qcmbg05_scale_cube_s3072/weights_epoch_10.pt,T1,300,30,30,90,1,22,1,45000,1235.6,1.44,3d9dfd7010c3,8632,30,1222302741
qcmbg05,icem,lewm_qcmbg05_scale_cube_s3072/weights_epoch_10.pt,T1,300,30,30,91,1,1,1,45000,1254.3,1.26,3d9dfd7010c3,8694,157,1885780848
qcmbg05,icem,lewm_qcmbg05_scale_cube_s3072/weights_epoch_10.pt,T1,300,30,30,92,1,20,1,45000,1276.4,1.47,3d9dfd7010c3,8701,135,1658000542
qcmbg05,icem,lewm_qcmbg05_scale_cube_s3072/weights_epoch_10.pt,T1,300,30,30,93,0,50,2,90000,1269.6,2.96,3d9dfd7010c3,8823,38,1517253627
qcmbg05,icem,lewm_qcmbg05_scale_cube_s3072/weights_epoch_10.pt,T1,300,30,30,94,1,1,1,45000,1258.2,1.27,3d9dfd7010c3,8941,7,1203260226
qcmbg05,icem,lewm_qcmbg05_scale_cube_s3072/weights_epoch_10.pt,T1,300,30,30,95,1,1,1,45000,1277.0,1.29,3d9dfd7010c3,9507,87,2130979879
qcmbg05,icem,lewm_qcmbg05_scale_cube_s3072/weights_epoch_10.pt,T1,300,30,30,96,1,1,1,45000,1294.3,1.3,3d9dfd7010c3,9716,2,1840350153
qcmbg05,icem,lewm_qcmbg05_scale_cube_s3072/weights_epoch_10.pt,T1,300,30,30,97,1,1,1,45000,1281.5,1.29,3d9dfd7010c3,9734,91,1426973868
qcmbg05,icem,lewm_qcmbg05_scale_cube_s3072/weights_epoch_10.pt,T1,300,30,30,98,1,18,1,45000,1261.5,1.44,3d9dfd7010c3,9735,131,225375482
qcmbg05,icem,lewm_qcmbg05_scale_cube_s3072/weights_epoch_10.pt,T1,300,30,30,99,1,1,1,45000,1253.9,1.26,3d9dfd7010c3,9797,94,902992799
qcmbg05,icem,lewm_qcmbg05_scale_cube_s3072/weights_epoch_10.pt,T2,150,15,15,0,0,50,2,22500,646.0,1.74,3d9dfd7010c3,273,33,444890969
qcmbg05,icem,lewm_qcmbg05_scale_cube_s3072/weights_epoch_10.pt,T2,150,15,15,1,1,1,1,11250,640.4,0.65,3d9dfd7010c3,390,153,574101564
qcmbg05,icem,lewm_qcmbg05_scale_cube_s3072/weights_epoch_10.pt,T2,150,15,15,2,0,50,2,22500,638.4,1.7,3d9dfd7010c3,428,100,814594002
qcmbg05,icem,lewm_qcmbg05_scale_cube_s3072/weights_epoch_10.pt,T2,150,15,15,3,0,50,2,22500,631.6,1.68,3d9dfd7010c3,465,21,137482423
qcmbg05,icem,lewm_qcmbg05_scale_cube_s3072/weights_epoch_10.pt,T2,150,15,15,4,0,50,2,22500,643.9,1.71,3d9dfd7010c3,604,100,367454222
qcmbg05,icem,lewm_qcmbg05_scale_cube_s3072/weights_epoch_10.pt,T2,150,15,15,5,1,15,1,11250,638.6,0.77,3d9dfd7010c3,662,140,760909675
qcmbg05,icem,lewm_qcmbg05_scale_cube_s3072/weights_epoch_10.pt,T2,150,15,15,6,0,50,2,22500,640.2,1.7,3d9dfd7010c3,1052,9,1072636037
qcmbg05,icem,lewm_qcmbg05_scale_cube_s3072/weights_epoch_10.pt,T2,150,15,15,7,1,1,1,11250,634.0,0.64,3d9dfd7010c3,1113,85,122898400
qcmbg05,icem,lewm_qcmbg05_scale_cube_s3072/weights_epoch_10.pt,T2,150,15,15,8,1,1,1,11250,615.4,0.62,3d9dfd7010c3,1212,2,1597003702
qcmbg05,icem,lewm_qcmbg05_scale_cube_s3072/weights_epoch_10.pt,T2,150,15,15,9,0,50,2,22500,620.9,1.65,3d9dfd7010c3,1254,9,1737240787
qcmbg05,icem,lewm_qcmbg05_scale_cube_s3072/weights_epoch_10.pt,T2,150,15,15,10,1,18,1,11250,636.9,0.79,3d9dfd7010c3,1328,140,1638123118
qcmbg05,icem,lewm_qcmbg05_scale_cube_s3072/weights_epoch_10.pt,T2,150,15,15,11,0,50,2,22500,622.4,1.66,3d9dfd7010c3,1413,7,1495245067
qcmbg05,icem,lewm_qcmbg05_scale_cube_s3072/weights_epoch_10.pt,T2,150,15,15,12,1,11,1,11250,624.4,0.73,3d9dfd7010c3,1737,123,1269436133
qcmbg05,icem,lewm_qcmbg05_scale_cube_s3072/weights_epoch_10.pt,T2,150,15,15,13,1,1,1,11250,623.0,0.63,3d9dfd7010c3,1792,173,1930848640
qcmbg05,icem,lewm_qcmbg05_scale_cube_s3072/weights_epoch_10.pt,T2,150,15,15,14,1,1,1,11250,636.0,0.65,3d9dfd7010c3,1821,157,1858163001
qcmbg05,icem,lewm_qcmbg05_scale_cube_s3072/weights_epoch_10.pt,T2,150,15,15,15,1,22,1,11250,638.7,0.86,3d9dfd7010c3,1856,44,1451046492
qcmbg05,icem,lewm_qcmbg05_scale_cube_s3072/weights_epoch_10.pt,T2,150,15,15,16,1,1,1,11250,625.4,0.64,3d9dfd7010c3,1899,155,1153997234
qcmbg05,icem,lewm_qcmbg05_scale_cube_s3072/weights_epoch_10.pt,T2,150,15,15,17,0,50,2,22500,641.9,1.71,3d9dfd7010c3,1902,102,2088042199
qcmbg05,icem,lewm_qcmbg05_scale_cube_s3072/weights_epoch_10.pt,T2,150,15,15,18,1,1,1,11250,640.6,0.65,3d9dfd7010c3,2099,160,605548161
qcmbg05,icem,lewm_qcmbg05_scale_cube_s3072/weights_epoch_10.pt,T2,150,15,15,19,1,22,1,11250,624.4,0.84,3d9dfd7010c3,2160,135,481004004
qcmbg05,icem,lewm_qcmbg05_scale_cube_s3072/weights_epoch_10.pt,T2,150,15,15,20,1,1,1,11250,623.9,0.63,3d9dfd7010c3,2191,7,637779134
qcmbg05,icem,lewm_qcmbg05_scale_cube_s3072/weights_epoch_10.pt,T2,150,15,15,21,0,50,2,22500,630.5,1.67,3d9dfd7010c3,2521,12,515890139
qcmbg05,icem,lewm_qcmbg05_scale_cube_s3072/weights_epoch_10.pt,T2,150,15,15,22,0,50,2,22500,637.8,1.7,3d9dfd7010c3,2651,103,202011701
qcmbg05,icem,lewm_qcmbg05_scale_cube_s3072/weights_epoch_10.pt,T2,150,15,15,23,1,1,1,11250,645.5,0.66,3d9dfd7010c3,2653,69,884347728
qcmbg05,icem,lewm_qcmbg05_scale_cube_s3072/weights_epoch_10.pt,T2,150,15,15,24,1,1,1,11250,635.9,0.65,3d9dfd7010c3,2658,154,694234089
qcmbg05,icem,lewm_qcmbg05_scale_cube_s3072/weights_epoch_10.pt,T2,150,15,15,25,1,15,1,11250,630.7,0.77,3d9dfd7010c3,2835,140,299715724
qcmbg05,icem,lewm_qcmbg05_scale_cube_s3072/weights_epoch_10.pt,T2,150,15,15,26,1,19,1,11250,643.3,0.83,3d9dfd7010c3,2962,42,57205602
qcmbg05,icem,lewm_qcmbg05_scale_cube_s3072/weights_epoch_10.pt,T2,150,15,15,27,1,1,1,11250,638.2,0.65,3d9dfd7010c3,2968,169,1003783175
qcmbg05,icem,lewm_qcmbg05_scale_cube_s3072/weights_epoch_10.pt,T2,150,15,15,28,0,50,2,22500,636.3,1.69,3d9dfd7010c3,3064,17,1672975441
qcmbg05,icem,lewm_qcmbg05_scale_cube_s3072/weights_epoch_10.pt,T2,150,15,15,29,1,18,1,11250,632.8,0.81,3d9dfd7010c3,3197,128,1527509812
qcmbg05,icem,lewm_qcmbg05_scale_cube_s3072/weights_epoch_10.pt,T2,150,15,15,30,1,42,2,22500,640.1,1.68,3d9dfd7010c3,3204,29,459511054
qcmbg05,icem,lewm_qcmbg05_scale_cube_s3072/weights_epoch_10.pt,T2,150,15,15,31,1,1,1,11250,643.6,0.65,3d9dfd7010c3,3413,148,601879147
qcmbg05,icem,lewm_qcmbg05_scale_cube_s3072/weights_epoch_10.pt,T2,150,15,15,32,1,1,1,11250,633.0,0.64,3d9dfd7010c3,3518,6,829054341
qcmbg05,icem,lewm_qcmbg05_scale_cube_s3072/weights_epoch_10.pt,T2,150,15,15,33,1,1,1,11250,648.9,0.66,3d9dfd7010c3,3522,174,165034720
qcmbg05,icem,lewm_qcmbg05_scale_cube_s3072/weights_epoch_10.pt,T2,150,15,15,34,1,24,1,11250,647.7,0.86,3d9dfd7010c3,3525,110,335610457
qcmbg05,icem,lewm_qcmbg05_scale_cube_s3072/weights_epoch_10.pt,T2,150,15,15,35,1,1,1,11250,633.5,0.64,3d9dfd7010c3,3661,6,750609724
qcmbg05,icem,lewm_qcmbg05_scale_cube_s3072/weights_epoch_10.pt,T2,150,15,15,36,1,5,1,11250,651.0,0.7,3d9dfd7010c3,3708,61,1040763602
qcmbg05,icem,lewm_qcmbg05_scale_cube_s3072/weights_epoch_10.pt,T2,150,15,15,37,1,17,1,11250,645.4,0.81,3d9dfd7010c3,3728,129,112504247
qcmbg05,icem,lewm_qcmbg05_scale_cube_s3072/weights_epoch_10.pt,T2,150,15,15,38,1,21,1,11250,638.2,0.85,3d9dfd7010c3,3738,116,1591197153
qcmbg05,icem,lewm_qcmbg05_scale_cube_s3072/weights_epoch_10.pt,T2,150,15,15,39,1,1,1,11250,627.6,0.64,3d9dfd7010c3,3750,87,1718344324
qcmbg05,icem,lewm_qcmbg05_scale_cube_s3072/weights_epoch_10.pt,T2,150,15,15,40,1,1,1,11250,650.6,0.66,3d9dfd7010c3,3758,150,692275486
qcmbg05,icem,lewm_qcmbg05_scale_cube_s3072/weights_epoch_10.pt,T2,150,15,15,41,1,23,1,11250,633.7,0.86,3d9dfd7010c3,3784,49,301936251
qcmbg05,icem,lewm_qcmbg05_scale_cube_s3072/weights_epoch_10.pt,T2,150,15,15,42,1,13,1,11250,633.8,0.75,3d9dfd7010c3,3984,57,55214485
qcmbg05,icem,lewm_qcmbg05_scale_cube_s3072/weights_epoch_10.pt,T2,150,15,15,43,0,50,2,22500,632.6,1.68,3d9dfd7010c3,3988,22,1006036720
qcmbg05,icem,lewm_qcmbg05_scale_cube_s3072/weights_epoch_10.pt,T2,150,15,15,44,1,1,1,11250,641.4,0.65,3d9dfd7010c3,4128,122,639753801
qcmbg05,icem,lewm_qcmbg05_scale_cube_s3072/weights_epoch_10.pt,T2,150,15,15,45,1,1,1,11250,636.3,0.65,3d9dfd7010c3,4558,156,513653036
qcmbg05,icem,lewm_qcmbg05_scale_cube_s3072/weights_epoch_10.pt,T2,150,15,15,46,1,15,1,11250,642.9,0.78,3d9dfd7010c3,4592,144,203953858
qcmbg05,icem,lewm_qcmbg05_scale_cube_s3072/weights_epoch_10.pt,T2,150,15,15,47,1,47,2,22500,634.0,1.69,3d9dfd7010c3,4620,27,882143655
qcmbg05,icem,lewm_qcmbg05_scale_cube_s3072/weights_epoch_10.pt,T2,150,15,15,48,1,1,1,11250,631.0,0.64,3d9dfd7010c3,4669,86,1828151793
qcmbg05,icem,lewm_qcmbg05_scale_cube_s3072/weights_epoch_10.pt,T2,150,15,15,49,1,10,1,11250,634.9,0.72,3d9dfd7010c3,4735,142,1414203028
qcmbg05,icem,lewm_qcmbg05_scale_cube_s3072/weights_epoch_10.pt,T2,150,15,15,50,0,50,2,22500,630.6,1.68,3d9dfd7010c3,4744,13,337862830
qcmbg05,icem,lewm_qcmbg05_scale_cube_s3072/weights_epoch_10.pt,T2,150,15,15,51,0,50,2,22500,651.3,1.72,3d9dfd7010c3,4839,20,748619723
qcmbg05,icem,lewm_qcmbg05_scale_cube_s3072/weights_epoch_10.pt,T2,150,15,15,52,1,1,1,11250,642.8,0.65,3d9dfd7010c3,4972,165,1042982949
qcmbg05,icem,lewm_qcmbg05_scale_cube_s3072/weights_epoch_10.pt,T2,150,15,15,53,1,23,1,11250,645.9,0.88,3d9dfd7010c3,4978,48,110546752
qcmbg05,icem,lewm_qcmbg05_scale_cube_s3072/weights_epoch_10.pt,T2,150,15,15,54,0,50,2,22500,630.2,1.68,3d9dfd7010c3,5006,10,457308153
qcmbg05,icem,lewm_qcmbg05_scale_cube_s3072/weights_epoch_10.pt,T2,150,15,15,55,0,50,2,22500,641.7,1.7,3d9dfd7010c3,5164,97,603820188
qcmbg05,icem,lewm_qcmbg05_scale_cube_s3072/weights_epoch_10.pt,T2,150,15,15,56,1,1,1,11250,660.4,0.67,3d9dfd7010c3,5381,92,826818418
qcmbg05,icem,lewm_qcmbg05_scale_cube_s3072/weights_epoch_10.pt,T2,150,15,15,57,1,21,1,11250,627.2,0.83,3d9dfd7010c3,5382,129,167008279
qcmbg05,icem,lewm_qcmbg05_scale_cube_s3072/weights_epoch_10.pt,T2,150,15,15,58,1,1,1,11250,646.3,0.66,3d9dfd7010c3,5601,66,1368868929
qcmbg05,icem,lewm_qcmbg05_scale_cube_s3072/weights_epoch_10.pt,T2,150,15,15,59,0,50,2,22500,639.7,1.7,3d9dfd7010c3,5621,105,1764437796
qcmbg05,icem,lewm_qcmbg05_scale_cube_s3072/weights_epoch_10.pt,T2,150,15,15,60,1,20,1,11250,629.9,0.82,3d9dfd7010c3,5862,116,1401100926
qcmbg05,icem,lewm_qcmbg05_scale_cube_s3072/weights_epoch_10.pt,T2,150,15,15,61,1,3,1,11250,637.7,0.66,3d9dfd7010c3,5908,61,1799322907
qcmbg05,icem,lewm_qcmbg05_scale_cube_s3072/weights_epoch_10.pt,T2,150,15,15,62,1,1,1,11250,637.0,0.65,3d9dfd7010c3,6100,68,2039141109
qcmbg05,icem,lewm_qcmbg05_scale_cube_s3072/weights_epoch_10.pt,T2,150,15,15,63,1,1,1,11250,640.2,0.65,3d9dfd7010c3,6195,168,1094104464
qcmbg05,icem,lewm_qcmbg05_scale_cube_s3072/weights_epoch_10.pt,T2,150,15,15,64,0,50,2,22500,634.4,1.69,3d9dfd7010c3,6328,9,1558285609
qcmbg05,icem,lewm_qcmbg05_scale_cube_s3072/weights_epoch_10.pt,T2,150,15,15,65,1,1,1,11250,631.7,0.64,3d9dfd7010c3,6449,1,1683876428
qcmbg05,icem,lewm_qcmbg05_scale_cube_s3072/weights_epoch_10.pt,T2,150,15,15,66,0,50,2,22500,628.9,1.68,3d9dfd7010c3,6459,13,1994933666
qcmbg05,icem,lewm_qcmbg05_scale_cube_s3072/weights_epoch_10.pt,T2,150,15,15,67,1,21,1,11250,645.6,0.85,3d9dfd7010c3,6566,114,1314136775
qcmbg05,icem,lewm_qcmbg05_scale_cube_s3072/weights_epoch_10.pt,T2,150,15,15,68,0,50,2,22500,646.0,1.72,3d9dfd7010c3,6921,17,372716177
qcmbg05,icem,lewm_qcmbg05_scale_cube_s3072/weights_epoch_10.pt,T2,150,15,15,69,1,1,1,11250,619.8,0.63,3d9dfd7010c3,6929,81,780883444
qcmbg05,icem,lewm_qcmbg05_scale_cube_s3072/weights_epoch_10.pt,T2,150,15,15,70,1,1,1,11250,649.3,0.66,3d9dfd7010c3,6977,156,1860383694
qcmbg05,icem,lewm_qcmbg05_scale_cube_s3072/weights_epoch_10.pt,T2,150,15,15,71,1,13,1,11250,637.1,0.75,3d9dfd7010c3,6979,58,1449088171
qcmbg05,icem,lewm_qcmbg05_scale_cube_s3072/weights_epoch_10.pt,T2,150,15,15,72,1,1,1,11250,632.5,0.64,3d9dfd7010c3,7034,161,1156250437
qcmbg05,icem,lewm_qcmbg05_scale_cube_s3072/weights_epoch_10.pt,T2,150,15,15,73,1,17,1,11250,639.7,0.8,3d9dfd7010c3,7050,53,2086050848
qcmbg05,icem,lewm_qcmbg05_scale_cube_s3072/weights_epoch_10.pt,T2,150,15,15,74,1,1,1,11250,642.3,0.65,3d9dfd7010c3,7140,4,1635886233
qcmbg05,icem,lewm_qcmbg05_scale_cube_s3072/weights_epoch_10.pt,T2,150,15,15,75,0,50,2,22500,643.6,1.71,3d9dfd7010c3,7150,22,1497220092
qcmbg05,icem,lewm_qcmbg05_scale_cube_s3072/weights_epoch_10.pt,T2,150,15,15,76,1,1,1,11250,628.0,0.64,3d9dfd7010c3,7272,95,1267231762
qcmbg05,icem,lewm_qcmbg05_scale_cube_s3072/weights_epoch_10.pt,T2,150,15,15,77,1,19,1,11250,625.5,0.81,3d9dfd7010c3,7292,127,1932790647
qcmbg05,icem,lewm_qcmbg05_scale_cube_s3072/weights_epoch_10.pt,T2,150,15,15,78,1,1,1,11250,638.5,0.65,3d9dfd7010c3,7351,90,727128865
qcmbg05,icem,lewm_qcmbg05_scale_cube_s3072/weights_epoch_10.pt,T2,150,15,15,79,1,1,1,11250,632.1,0.64,3d9dfd7010c3,7538,88,334199876
qcmbg05,icem,lewm_qcmbg05_scale_cube_s3072/weights_epoch_10.pt,T2,150,15,15,80,1,1,1,11250,624.9,0.63,3d9dfd7010c3,7558,71,1823712287
qcmbg05,icem,lewm_qcmbg05_scale_cube_s3072/weights_epoch_10.pt,T2,150,15,15,81,1,1,1,11250,620.8,0.63,3d9dfd7010c3,7630,0,1410319226
qcmbg05,icem,lewm_qcmbg05_scale_cube_s3072/weights_epoch_10.pt,T2,150,15,15,82,1,20,1,11250,615.7,0.8,3d9dfd7010c3,7650,136,1186622612
qcmbg05,icem,lewm_qcmbg05_scale_cube_s3072/weights_epoch_10.pt,T2,150,15,15,83,0,50,2,22500,632.2,1.68,3d9dfd7010c3,7692,15,2114325489
qcmbg05,icem,lewm_qcmbg05_scale_cube_s3072/weights_epoch_10.pt,T2,150,15,15,84,1,1,1,11250,635.4,0.65,3d9dfd7010c3,7983,2,1674654536
qcmbg05,icem,lewm_qcmbg05_scale_cube_s3072/weights_epoch_10.pt,T2,150,15,15,85,1,20,1,11250,637.8,0.83,3d9dfd7010c3,8241,118,1533891629
qcmbg05,icem,lewm_qcmbg05_scale_cube_s3072/weights_epoch_10.pt,T2,150,15,15,86,1,12,1,11250,643.1,0.75,3d9dfd7010c3,8246,56,1238956995
qcmbg05,icem,lewm_qcmbg05_scale_cube_s3072/weights_epoch_10.pt,T2,150,15,15,87,1,1,1,11250,619.3,0.63,3d9dfd7010c3,8252,159,1902419110
qcmbg05,icem,lewm_qcmbg05_scale_cube_s3072/weights_epoch_10.pt,T2,150,15,15,88,1,21,1,11250,623.4,0.82,3d9dfd7010c3,8385,31,688360688
qcmbg05,icem,lewm_qcmbg05_scale_cube_s3072/weights_epoch_10.pt,T2,150,15,15,89,1,1,1,11250,626.7,0.64,3d9dfd7010c3,8605,85,297528213
qcmbg05,icem,lewm_qcmbg05_scale_cube_s3072/weights_epoch_10.pt,T2,150,15,15,90,1,20,1,11250,627.8,0.82,3d9dfd7010c3,8632,30,1372818863
qcmbg05,icem,lewm_qcmbg05_scale_cube_s3072/weights_epoch_10.pt,T2,150,15,15,91,1,1,1,11250,619.9,0.63,3d9dfd7010c3,8694,157,1768942282
qcmbg05,icem,lewm_qcmbg05_scale_cube_s3072/weights_epoch_10.pt,T2,150,15,15,92,1,19,1,11250,629.4,0.81,3d9dfd7010c3,8701,135,2077902116
qcmbg05,icem,lewm_qcmbg05_scale_cube_s3072/weights_epoch_10.pt,T2,150,15,15,93,1,41,2,22500,622.8,1.64,3d9dfd7010c3,8823,38,1130766913
qcmbg05,icem,lewm_qcmbg05_scale_cube_s3072/weights_epoch_10.pt,T2,150,15,15,94,1,1,1,11250,636.3,0.65,3d9dfd7010c3,8941,7,1588665080
qcmbg05,icem,lewm_qcmbg05_scale_cube_s3072/weights_epoch_10.pt,T2,150,15,15,95,1,1,1,11250,642.2,0.65,3d9dfd7010c3,9507,87,1712160157
qcmbg05,icem,lewm_qcmbg05_scale_cube_s3072/weights_epoch_10.pt,T2,150,15,15,96,1,1,1,11250,625.0,0.63,3d9dfd7010c3,9716,2,1958269555
qcmbg05,icem,lewm_qcmbg05_scale_cube_s3072/weights_epoch_10.pt,T2,150,15,15,97,1,1,1,11250,591.1,0.6,3d9dfd7010c3,9734,91,1275376918
qcmbg05,icem,lewm_qcmbg05_scale_cube_s3072/weights_epoch_10.pt,T2,150,15,15,98,1,18,1,11250,586.1,0.73,3d9dfd7010c3,9735,131,342336832
qcmbg05,icem,lewm_qcmbg05_scale_cube_s3072/weights_epoch_10.pt,T2,150,15,15,99,1,1,1,11250,653.7,0.66,3d9dfd7010c3,9797,94,752599589
qcmbg05,icem,lewm_qcmbg05_scale_cube_s3072/weights_epoch_10.pt,T3,50,10,5,0,0,50,2,5000,440.3,1.34,3d9dfd7010c3,273,33,1837322191
qcmbg05,icem,lewm_qcmbg05_scale_cube_s3072/weights_epoch_10.pt,T3,50,10,5,1,1,1,1,2500,435.5,0.45,3d9dfd7010c3,390,153,1430202538
qcmbg05,icem,lewm_qcmbg05_scale_cube_s3072/weights_epoch_10.pt,T3,50,10,5,2,0,50,2,5000,426.1,1.29,3d9dfd7010c3,428,100,1200260932
qcmbg05,icem,lewm_qcmbg05_scale_cube_s3072/weights_epoch_10.pt,T3,50,10,5,3,0,50,2,5000,424.5,1.27,3d9dfd7010c3,465,21,2134302753
qcmbg05,icem,lewm_qcmbg05_scale_cube_s3072/weights_epoch_10.pt,T3,50,10,5,4,0,50,2,5000,429.8,1.29,3d9dfd7010c3,604,100,1658968216
qcmbg05,icem,lewm_qcmbg05_scale_cube_s3072/weights_epoch_10.pt,T3,50,10,5,5,1,7,1,2500,427.9,0.49,3d9dfd7010c3,662,140,1516093437
qcmbg05,icem,lewm_qcmbg05_scale_cube_s3072/weights_epoch_10.pt,T3,50,10,5,6,0,50,2,5000,416.5,1.23,3d9dfd7010c3,1052,9,1223168019
qcmbg05,icem,lewm_qcmbg05_scale_cube_s3072/weights_epoch_10.pt,T3,50,10,5,7,1,1,1,2500,422.7,0.43,3d9dfd7010c3,1113,85,1884583798
qcmbg05,icem,lewm_qcmbg05_scale_cube_s3072/weights_epoch_10.pt,T3,50,10,5,8,1,1,1,2500,421.3,0.43,3d9dfd7010c3,1212,2,674719520
qcmbg05,icem,lewm_qcmbg05_scale_cube_s3072/weights_epoch_10.pt,T3,50,10,5,9,0,50,2,5000,428.4,1.3,3d9dfd7010c3,1254,9,277545029
qcmbg05,icem,lewm_qcmbg05_scale_cube_s3072/weights_epoch_10.pt,T3,50,10,5,10,1,4,1,2500,417.5,0.45,3d9dfd7010c3,1328,140,379909880
qcmbg05,icem,lewm_qcmbg05_scale_cube_s3072/weights_epoch_10.pt,T3,50,10,5,11,0,50,2,5000,420.8,1.26,3d9dfd7010c3,1413,7,773362077
qcmbg05,icem,lewm_qcmbg05_scale_cube_s3072/weights_epoch_10.pt,T3,50,10,5,12,1,13,1,2500,431.5,0.57,3d9dfd7010c3,1737,123,1017986675
qcmbg05,icem,lewm_qcmbg05_scale_cube_s3072/weights_epoch_10.pt,T3,50,10,5,13,1,1,1,2500,434.3,0.45,3d9dfd7010c3,1792,173,68245782
qcmbg05,icem,lewm_qcmbg05_scale_cube_s3072/weights_epoch_10.pt,T3,50,10,5,14,1,1,1,2500,411.9,0.42,3d9dfd7010c3,1821,157,432431535
qcmbg05,icem,lewm_qcmbg05_scale_cube_s3072/weights_epoch_10.pt,T3,50,10,5,15,1,30,2,5000,417.1,1.14,3d9dfd7010c3,1856,44,561645258
qcmbg05,icem,lewm_qcmbg05_scale_cube_s3072/weights_epoch_10.pt,T3,50,10,5,16,1,1,1,2500,424.8,0.44,3d9dfd7010c3,1899,155,869247268
qcmbg05,icem,lewm_qcmbg05_scale_cube_s3072/weights_epoch_10.pt,T3,50,10,5,17,0,50,2,5000,422.8,1.27,3d9dfd7010c3,1902,102,192138817
qcmbg05,icem,lewm_qcmbg05_scale_cube_s3072/weights_epoch_10.pt,T3,50,10,5,18,1,1,1,2500,422.1,0.43,3d9dfd7010c3,2099,160,1393614359
qcmbg05,icem,lewm_qcmbg05_scale_cube_s3072/weights_epoch_10.pt,T3,50,10,5,19,1,24,1,2500,423.2,0.65,3d9dfd7010c3,2160,135,1806481778
qcmbg05,icem,lewm_qcmbg05_scale_cube_s3072/weights_epoch_10.pt,T3,50,10,5,20,1,1,1,2500,421.4,0.43,3d9dfd7010c3,2191,7,1359252520
qcmbg05,icem,lewm_qcmbg05_scale_cube_s3072/weights_epoch_10.pt,T3,50,10,5,21,0,50,2,5000,417.8,1.27,3d9dfd7010c3,2521,12,1773726541
qcmbg05,icem,lewm_qcmbg05_scale_cube_s3072/weights_epoch_10.pt,T3,50,10,5,22,0,50,2,5000,423.8,1.27,3d9dfd7010c3,2651,103,2064467107
qcmbg05,icem,lewm_qcmbg05_scale_cube_s3072/weights_epoch_10.pt,T3,50,10,5,23,1,1,1,2500,428.9,0.44,3d9dfd7010c3,2653,69,1135682502
qcmbg05,icem,lewm_qcmbg05_scale_cube_s3072/weights_epoch_10.pt,T3,50,10,5,24,1,1,1,2500,422.9,0.43,3d9dfd7010c3,2658,154,1583750015
qcmbg05,icem,lewm_qcmbg05_scale_cube_s3072/weights_epoch_10.pt,T3,50,10,5,25,1,20,1,2500,427.1,0.62,3d9dfd7010c3,2835,140,1725594650
qcmbg05,icem,lewm_qcmbg05_scale_cube_s3072/weights_epoch_10.pt,T3,50,10,5,26,1,20,1,2500,434.5,0.64,3d9dfd7010c3,2962,42,1953485812
qcmbg05,icem,lewm_qcmbg05_scale_cube_s3072/weights_epoch_10.pt,T3,50,10,5,27,1,1,1,2500,435.2,0.45,3d9dfd7010c3,2968,169,1288942737
qcmbg05,icem,lewm_qcmbg05_scale_cube_s3072/weights_epoch_10.pt,T3,50,10,5,28,0,50,2,5000,431.4,1.28,3d9dfd7010c3,3064,17,347120839
qcmbg05,icem,lewm_qcmbg05_scale_cube_s3072/weights_epoch_10.pt,T3,50,10,5,29,1,18,1,2500,428.4,0.61,3d9dfd7010c3,3197,128,739034018
qcmbg05,icem,lewm_qcmbg05_scale_cube_s3072/weights_epoch_10.pt,T3,50,10,5,30,1,45,2,5000,413.5,1.27,3d9dfd7010c3,3204,29,1818535320
qcmbg05,icem,lewm_qcmbg05_scale_cube_s3072/weights_epoch_10.pt,T3,50,10,5,31,1,11,1,2500,419.8,0.52,3d9dfd7010c3,3413,148,1423491837
qcmbg05,icem,lewm_qcmbg05_scale_cube_s3072/weights_epoch_10.pt,T3,50,10,5,32,1,1,1,2500,430.2,0.44,3d9dfd7010c3,3518,6,1181576467
qcmbg05,icem,lewm_qcmbg05_scale_cube_s3072/weights_epoch_10.pt,T3,50,10,5,33,1,1,1,2500,422.5,0.43,3d9dfd7010c3,3522,174,2127628918
qcmbg05,icem,lewm_qcmbg05_scale_cube_s3072/weights_epoch_10.pt,T3,50,10,5,34,1,24,1,2500,414.1,0.63,3d9dfd7010c3,3525,110,1661350607
qcmbg05,icem,lewm_qcmbg05_scale_cube_s3072/weights_epoch_10.pt,T3,50,10,5,35,1,1,1,2500,427.5,0.44,3d9dfd7010c3,3661,6,1538938282
qcmbg05,icem,lewm_qcmbg05_scale_cube_s3072/weights_epoch_10.pt,T3,50,10,5,36,1,4,1,2500,430.2,0.47,3d9dfd7010c3,3708,61,1225783876
qcmbg05,icem,lewm_qcmbg05_scale_cube_s3072/weights_epoch_10.pt,T3,50,10,5,37,1,18,1,2500,421.5,0.59,3d9dfd7010c3,3728,129,1907596577
qcmbg05,icem,lewm_qcmbg05_scale_cube_s3072/weights_epoch_10.pt,T3,50,10,5,38,1,21,1,2500,424.9,0.64,3d9dfd7010c3,3738,116,701533559
qcmbg05,icem,lewm_qcmbg05_scale_cube_s3072/weights_epoch_10.pt,T3,50,10,5,39,1,1,1,2500,423.9,0.43,3d9dfd7010c3,3750,87,292350482
qcmbg05,icem,lewm_qcmbg05_scale_cube_s3072/weights_epoch_10.pt,T3,50,10,5,40,1,1,1,2500,426.9,0.44,3d9dfd7010c3,3758,150,1581545864
qcmbg05,icem,lewm_qcmbg05_scale_cube_s3072/weights_epoch_10.pt,T3,50,10,5,41,1,24,1,2500,432.8,0.68,3d9dfd7010c3,3784,49,1727536877
qcmbg05,icem,lewm_qcmbg05_scale_cube_s3072/weights_epoch_10.pt,T3,50,10,5,42,1,13,1,2500,421.2,0.55,3d9dfd7010c3,3984,57,1951248643
qcmbg05,icem,lewm_qcmbg05_scale_cube_s3072/weights_epoch_10.pt,T3,50,10,5,43,0,50,2,5000,421.7,1.27,3d9dfd7010c3,3988,22,1290917478
qcmbg05,icem,lewm_qcmbg05_scale_cube_s3072/weights_epoch_10.pt,T3,50,10,5,44,1,1,1,2500,420.0,0.43,3d9dfd7010c3,4128,122,1361506015
qcmbg05,icem,lewm_qcmbg05_scale_cube_s3072/weights_epoch_10.pt,T3,50,10,5,45,1,1,1,2500,418.0,0.43,3d9dfd7010c3,4558,156,1771735482
qcmbg05,icem,lewm_qcmbg05_scale_cube_s3072/weights_epoch_10.pt,T3,50,10,5,46,1,13,1,2500,421.2,0.54,3d9dfd7010c3,4592,144,2066687572
qcmbg05,icem,lewm_qcmbg05_scale_cube_s3072/weights_epoch_10.pt,T3,50,10,5,47,0,50,2,5000,413.5,1.23,3d9dfd7010c3,4620,27,1133723953
qcmbg05,icem,lewm_qcmbg05_scale_cube_s3072/weights_epoch_10.pt,T3,50,10,5,48,1,1,1,2500,422.3,0.43,3d9dfd7010c3,4669,86,468734311
qcmbg05,icem,lewm_qcmbg05_scale_cube_s3072/weights_epoch_10.pt,T3,50,10,5,49,1,14,1,2500,416.3,0.54,3d9dfd7010c3,4735,142,592197122
qcmbg05,icem,lewm_qcmbg05_scale_cube_s3072/weights_epoch_10.pt,T3,50,10,5,50,0,50,2,5000,422.5,1.26,3d9dfd7010c3,4744,13,1663324216
qcmbg05,icem,lewm_qcmbg05_scale_cube_s3072/weights_epoch_10.pt,T3,50,10,5,51,0,50,2,5000,414.0,1.25,3d9dfd7010c3,4839,20,1536702301
qcmbg05,icem,lewm_qcmbg05_scale_cube_s3072/weights_epoch_10.pt,T3,50,10,5,52,1,1,1,2500,417.7,0.43,3d9dfd7010c3,4972,165,1227724979
qcmbg05,icem,lewm_qcmbg05_scale_cube_s3072/weights_epoch_10.pt,T3,50,10,5,53,1,24,1,2500,432.4,0.67,3d9dfd7010c3,4978,48,1905393622
qcmbg05,icem,lewm_qcmbg05_scale_cube_s3072/weights_epoch_10.pt,T3,50,10,5,54,0,50,2,5000,427.5,1.28,3d9dfd7010c3,5006,10,1816577903
qcmbg05,icem,lewm_qcmbg05_scale_cube_s3072/weights_epoch_10.pt,T3,50,10,5,55,0,50,2,5000,415.7,1.25,3d9dfd7010c3,5164,97,1425711114
qcmbg05,icem,lewm_qcmbg05_scale_cube_s3072/weights_epoch_10.pt,T3,50,10,5,56,1,1,1,2500,413.8,0.42,3d9dfd7010c3,5381,92,1179586532
qcmbg05,icem,lewm_qcmbg05_scale_cube_s3072/weights_epoch_10.pt,T3,50,10,5,57,1,21,1,2500,422.5,0.62,3d9dfd7010c3,5382,129,2129881217
qcmbg05,icem,lewm_qcmbg05_scale_cube_s3072/weights_epoch_10.pt,T3,50,10,5,58,1,1,1,2500,421.4,0.43,3d9dfd7010c3,5601,66,647002327
qcmbg05,icem,lewm_qcmbg05_scale_cube_s3072/weights_epoch_10.pt,T3,50,10,5,59,0,50,2,5000,416.3,1.24,3d9dfd7010c3,5621,105,506208178
qcmbg05,icem,lewm_qcmbg05_scale_cube_s3072/weights_epoch_10.pt,T3,50,10,5,60,1,18,1,2500,417.9,0.59,3d9dfd7010c3,5862,116,612641512
qcmbg05,icem,lewm_qcmbg05_scale_cube_s3072/weights_epoch_10.pt,T3,50,10,5,61,1,5,1,2500,422.6,0.47,3d9dfd7010c3,5908,61,473451917
qcmbg05,icem,lewm_qcmbg05_scale_cube_s3072/weights_epoch_10.pt,T3,50,10,5,62,1,1,1,2500,420.7,0.43,3d9dfd7010c3,6100,68,244179555
qcmbg05,icem,lewm_qcmbg05_scale_cube_s3072/weights_epoch_10.pt,T3,50,10,5,63,1,1,1,2500,408.1,0.42,3d9dfd7010c3,6195,168,909214982
qcmbg05,icem,lewm_qcmbg05_scale_cube_s3072/weights_epoch_10.pt,T3,50,10,5,64,0,50,2,5000,413.7,1.24,3d9dfd7010c3,6328,9,736542143
qcmbg05,icem,lewm_qcmbg05_scale_cube_s3072/weights_epoch_10.pt,T3,50,10,5,65,1,1,1,2500,420.1,0.43,3d9dfd7010c3,6449,1,324721370
qcmbg05,icem,lewm_qcmbg05_scale_cube_s3072/weights_epoch_10.pt,T3,50,10,5,66,0,50,2,5000,416.6,1.25,3d9dfd7010c3,6459,13,32470324
qcmbg05,icem,lewm_qcmbg05_scale_cube_s3072/weights_epoch_10.pt,T3,50,10,5,67,1,22,1,2500,435.5,0.66,3d9dfd7010c3,6566,114,961745489
qcmbg05,icem,lewm_qcmbg05_scale_cube_s3072/weights_epoch_10.pt,T3,50,10,5,68,0,50,2,5000,428.3,1.28,3d9dfd7010c3,6921,17,1630536199
qcmbg05,icem,lewm_qcmbg05_scale_cube_s3072/weights_epoch_10.pt,T3,50,10,5,69,1,1,1,2500,435.0,0.45,3d9dfd7010c3,6929,81,1502373218
qcmbg05,icem,lewm_qcmbg05_scale_cube_s3072/weights_epoch_10.pt,T3,50,10,5,70,1,1,1,2500,415.8,0.43,3d9dfd7010c3,6977,156,434373464
qcmbg05,icem,lewm_qcmbg05_scale_cube_s3072/weights_epoch_10.pt,T3,50,10,5,71,1,8,1,2500,429.7,0.5,3d9dfd7010c3,6979,58,559440957
qcmbg05,icem,lewm_qcmbg05_scale_cube_s3072/weights_epoch_10.pt,T3,50,10,5,72,1,1,1,2500,426.6,0.44,3d9dfd7010c3,7034,161,871222227
qcmbg05,icem,lewm_qcmbg05_scale_cube_s3072/weights_epoch_10.pt,T3,50,10,5,73,1,17,1,2500,429.8,0.58,3d9dfd7010c3,7050,53,189902006
qcmbg05,icem,lewm_qcmbg05_scale_cube_s3072/weights_epoch_10.pt,T3,50,10,5,74,1,1,1,2500,431.2,0.44,3d9dfd7010c3,7140,4,377918479
qcmbg05,icem,lewm_qcmbg05_scale_cube_s3072/weights_epoch_10.pt,T3,50,10,5,75,0,50,2,5000,430.1,1.29,3d9dfd7010c3,7150,22,775615338
qcmbg05,icem,lewm_qcmbg05_scale_cube_s3072/weights_epoch_10.pt,T3,50,10,5,76,1,1,1,2500,428.2,0.44,3d9dfd7010c3,7272,95,1016028292
qcmbg05,icem,lewm_qcmbg05_scale_cube_s3072/weights_epoch_10.pt,T3,50,10,5,77,1,15,1,2500,416.7,0.56,3d9dfd7010c3,7292,127,70466529
qcmbg05,icem,lewm_qcmbg05_scale_cube_s3072/weights_epoch_10.pt,T3,50,10,5,78,1,1,1,2500,426.3,0.44,3d9dfd7010c3,7351,90,1548757943
qcmbg05,icem,lewm_qcmbg05_scale_cube_s3072/weights_epoch_10.pt,T3,50,10,5,79,1,1,1,2500,418.1,0.43,3d9dfd7010c3,7538,88,1693207762
qcmbg05,icem,lewm_qcmbg05_scale_cube_s3072/weights_epoch_10.pt,T3,50,10,5,80,1,1,1,2500,424.5,0.43,3d9dfd7010c3,7558,71,464819337
qcmbg05,icem,lewm_qcmbg05_scale_cube_s3072/weights_epoch_10.pt,T3,50,10,5,81,1,1,1,2500,424.0,0.43,3d9dfd7010c3,7630,0,587789292
qcmbg05,icem,lewm_qcmbg05_scale_cube_s3072/weights_epoch_10.pt,T3,50,10,5,82,1,19,1,2500,420.9,0.61,3d9dfd7010c3,7650,136,834493442
qcmbg05,icem,lewm_qcmbg05_scale_cube_s3072/weights_epoch_10.pt,T3,50,10,5,83,0,50,2,5000,429.5,1.28,3d9dfd7010c3,7692,15,151075687
qcmbg05,icem,lewm_qcmbg05_scale_cube_s3072/weights_epoch_10.pt,T3,50,10,5,84,1,1,1,2500,434.4,0.44,3d9dfd7010c3,7983,2,349570014
qcmbg05,icem,lewm_qcmbg05_scale_cube_s3072/weights_epoch_10.pt,T3,50,10,5,85,1,19,1,2500,441.2,0.64,3d9dfd7010c3,8241,118,745170107
qcmbg05,icem,lewm_qcmbg05_scale_cube_s3072/weights_epoch_10.pt,T3,50,10,5,86,1,15,1,2500,433.1,0.57,3d9dfd7010c3,8246,56,1054853973
qcmbg05,icem,lewm_qcmbg05_scale_cube_s3072/weights_epoch_10.pt,T3,50,10,5,87,1,1,1,2500,438.8,0.45,3d9dfd7010c3,8252,159,107195440
qcmbg05,icem,lewm_qcmbg05_scale_cube_s3072/weights_epoch_10.pt,T3,50,10,5,88,1,25,1,2500,431.5,0.69,3d9dfd7010c3,8385,31,1577106534
qcmbg05,icem,lewm_qcmbg05_scale_cube_s3072/weights_epoch_10.pt,T3,50,10,5,89,1,1,1,2500,423.8,0.43,3d9dfd7010c3,8605,85,1723652867
qcmbg05,icem,lewm_qcmbg05_scale_cube_s3072/weights_epoch_10.pt,T3,50,10,5,90,1,20,1,2500,436.8,0.65,3d9dfd7010c3,8632,30,651476281
qcmbg05,icem,lewm_qcmbg05_scale_cube_s3072/weights_epoch_10.pt,T3,50,10,5,91,1,1,1,2500,416.8,0.43,3d9dfd7010c3,8694,157,510188124
qcmbg05,icem,lewm_qcmbg05_scale_cube_s3072/weights_epoch_10.pt,T3,50,10,5,92,1,18,1,2500,433.1,0.61,3d9dfd7010c3,8701,135,215840178
qcmbg05,icem,lewm_qcmbg05_scale_cube_s3072/weights_epoch_10.pt,T3,50,10,5,93,1,46,2,5000,431.6,1.3,3d9dfd7010c3,8823,38,878777047
qcmbg05,icem,lewm_qcmbg05_scale_cube_s3072/weights_epoch_10.pt,T3,50,10,5,94,1,1,1,2500,436.2,0.45,3d9dfd7010c3,8941,7,699804270
qcmbg05,icem,lewm_qcmbg05_scale_cube_s3072/weights_epoch_10.pt,T3,50,10,5,95,1,1,1,2500,429.9,0.44,3d9dfd7010c3,9507,87,285887755
qcmbg05,icem,lewm_qcmbg05_scale_cube_s3072/weights_epoch_10.pt,T3,50,10,5,96,1,1,1,2500,429.3,0.44,3d9dfd7010c3,9716,2,62907109
qcmbg05,icem,lewm_qcmbg05_scale_cube_s3072/weights_epoch_10.pt,T3,50,10,5,97,1,1,1,2500,417.3,0.43,3d9dfd7010c3,9734,91,990086528
qcmbg05,icem,lewm_qcmbg05_scale_cube_s3072/weights_epoch_10.pt,T3,50,10,5,98,1,19,1,2500,423.0,0.61,3d9dfd7010c3,9735,131,1667274198
qcmbg05,icem,lewm_qcmbg05_scale_cube_s3072/weights_epoch_10.pt,T3,50,10,5,99,1,1,1,2500,424.7,0.43,3d9dfd7010c3,9797,94,1541206707
qcmbg05,icem,lewm_qcmbg05_scale_cube_s3072/weights_epoch_10.pt,T4,20,5,2,0,0,50,2,1000,221.1,0.87,3d9dfd7010c3,273,33,1944574572
qcmbg05,icem,lewm_qcmbg05_scale_cube_s3072/weights_epoch_10.pt,T4,20,5,2,1,1,1,1,500,214.4,0.23,3d9dfd7010c3,390,153,1264303369
qcmbg05,icem,lewm_qcmbg05_scale_cube_s3072/weights_epoch_10.pt,T4,20,5,2,2,0,50,2,1000,217.1,0.85,3d9dfd7010c3,428,100,1508774631
qcmbg05,icem,lewm_qcmbg05_scale_cube_s3072/weights_epoch_10.pt,T4,20,5,2,3,0,50,2,1000,216.8,0.87,3d9dfd7010c3,465,21,1632793986
qcmbg05,icem,lewm_qcmbg05_scale_cube_s3072/weights_epoch_10.pt,T4,20,5,2,4,0,50,2,1000,211.3,0.86,3d9dfd7010c3,604,100,2089110843
qcmbg05,icem,lewm_qcmbg05_scale_cube_s3072/weights_epoch_10.pt,T4,20,5,2,5,1,8,1,500,222.5,0.3,3d9dfd7010c3,662,140,1144597086
qcmbg05,icem,lewm_qcmbg05_scale_cube_s3072/weights_epoch_10.pt,T4,20,5,2,6,0,50,2,1000,218.7,0.88,3d9dfd7010c3,1052,9,1452049840
qcmbg05,icem,lewm_qcmbg05_scale_cube_s3072/weights_epoch_10.pt,T4,20,5,2,7,1,1,1,500,220.0,0.23,3d9dfd7010c3,1113,85,1848697557
qcmbg05,icem,lewm_qcmbg05_scale_cube_s3072/weights_epoch_10.pt,T4,20,5,2,8,1,1,1,500,221.1,0.23,3d9dfd7010c3,1212,2,911471235
qcmbg05,icem,lewm_qcmbg05_scale_cube_s3072/weights_epoch_10.pt,T4,20,5,2,9,0,50,2,1000,211.8,0.83,3d9dfd7010c3,1254,9,250582502
qcmbg05,icem,lewm_qcmbg05_scale_cube_s3072/weights_epoch_10.pt,T4,20,5,2,10,1,5,1,500,219.3,0.26,3d9dfd7010c3,1328,140,146826075
qcmbg05,icem,lewm_qcmbg05_scale_cube_s3072/weights_epoch_10.pt,T4,20,5,2,11,0,50,2,1000,218.3,0.85,3d9dfd7010c3,1413,7,813433918
qcmbg05,icem,lewm_qcmbg05_scale_cube_s3072/weights_epoch_10.pt,T4,20,5,2,12,1,8,1,500,221.6,0.3,3d9dfd7010c3,1737,123,583642064
qcmbg05,icem,lewm_qcmbg05_scale_cube_s3072/weights_epoch_10.pt,T4,20,5,2,13,1,1,1,500,225.9,0.24,3d9dfd7010c3,1792,173,443927733
qcmbg05,icem,lewm_qcmbg05_scale_cube_s3072/weights_epoch_10.pt,T4,20,5,2,14,1,1,1,500,214.3,0.23,3d9dfd7010c3,1821,157,128119820
qcmbg05,icem,lewm_qcmbg05_scale_cube_s3072/weights_epoch_10.pt,T4,20,5,2,15,1,41,2,1000,215.6,0.84,3d9dfd7010c3,1856,44,1058968425
qcmbg05,icem,lewm_qcmbg05_scale_cube_s3072/weights_epoch_10.pt,T4,20,5,2,16,1,1,1,500,209.6,0.22,3d9dfd7010c3,1899,155,766196871
qcmbg05,icem,lewm_qcmbg05_scale_cube_s3072/weights_epoch_10.pt,T4,20,5,2,17,0,50,2,1000,211.2,0.85,3d9dfd7010c3,1902,102,353852386
qcmbg05,icem,lewm_qcmbg05_scale_cube_s3072/weights_epoch_10.pt,T4,20,5,2,18,1,1,1,500,216.2,0.23,3d9dfd7010c3,2099,160,1299467188
qcmbg05,icem,lewm_qcmbg05_scale_cube_s3072/weights_epoch_10.pt,T4,20,5,2,19,1,20,1,500,219.8,0.4,3d9dfd7010c3,2160,135,1976052945
qcmbg05,icem,lewm_qcmbg05_scale_cube_s3072/weights_epoch_10.pt,T4,20,5,2,20,1,1,1,500,218.1,0.23,3d9dfd7010c3,2191,7,1331698059
qcmbg05,icem,lewm_qcmbg05_scale_cube_s3072/weights_epoch_10.pt,T4,20,5,2,21,0,50,2,1000,219.4,0.88,3d9dfd7010c3,2521,12,2010939118
qcmbg05,icem,lewm_qcmbg05_scale_cube_s3072/weights_epoch_10.pt,T4,20,5,2,22,0,50,2,1000,212.8,0.86,3d9dfd7010c3,2651,103,1701433600
qcmbg05,icem,lewm_qcmbg05_scale_cube_s3072/weights_epoch_10.pt,T4,20,5,2,23,1,1,1,500,219.5,0.23,3d9dfd7010c3,2653,69,1574286949
qcmbg05,icem,lewm_qcmbg05_scale_cube_s3072/weights_epoch_10.pt,T4,20,5,2,24,1,1,1,500,211.1,0.22,3d9dfd7010c3,2658,154,1073909468
qcmbg05,icem,lewm_qcmbg05_scale_cube_s3072/weights_epoch_10.pt,T4,20,5,2,25,1,12,1,500,208.6,0.31,3d9dfd7010c3,2835,140,2025777593
qcmbg05,icem,lewm_qcmbg05_scale_cube_s3072/weights_epoch_10.pt,T4,20,5,2,26,1,41,2,1000,216.7,0.85,3d9dfd7010c3,2962,42,1779123799
qcmbg05,icem,lewm_qcmbg05_scale_cube_s3072/weights_epoch_10.pt,T4,20,5,2,27,1,1,1,500,210.7,0.22,3d9dfd7010c3,2968,169,1387733298
qcmbg05,icem,lewm_qcmbg05_scale_cube_s3072/weights_epoch_10.pt,T4,20,5,2,28,0,50,2,1000,215.5,0.85,3d9dfd7010c3,3064,17,181678436
qcmbg05,icem,lewm_qcmbg05_scale_cube_s3072/weights_epoch_10.pt,T4,20,5,2,29,1,25,1,500,214.4,0.47,3d9dfd7010c3,3197,128,845698561
qcmbg05,icem,lewm_qcmbg05_scale_cube_s3072/weights_epoch_10.pt,T4,20,5,2,30,0,50,2,1000,216.2,0.88,3d9dfd7010c3,3204,29,1912614971
qcmbg05,icem,lewm_qcmbg05_scale_cube_s3072/weights_epoch_10.pt,T4,20,5,2,31,1,1,1,500,216.2,0.23,3d9dfd7010c3,3413,148,1253857118
qcmbg05,icem,lewm_qcmbg05_scale_cube_s3072/weights_epoch_10.pt,T4,20,5,2,32,1,1,1,500,216.3,0.23,3d9dfd7010c3,3518,6,1477048496
qcmbg05,icem,lewm_qcmbg05_scale_cube_s3072/weights_epoch_10.pt,T4,20,5,2,33,1,1,1,500,216.3,0.23,3d9dfd7010c3,3522,174,1622515669
qcmbg05,icem,lewm_qcmbg05_scale_cube_s3072/weights_epoch_10.pt,T4,20,5,2,34,0,50,2,1000,214.9,0.86,3d9dfd7010c3,3525,110,2103617388
qcmbg05,icem,lewm_qcmbg05_scale_cube_s3072/weights_epoch_10.pt,T4,20,5,2,35,1,1,1,500,216.3,0.23,3d9dfd7010c3,3661,6,1172226057
qcmbg05,icem,lewm_qcmbg05_scale_cube_s3072/weights_epoch_10.pt,T4,20,5,2,36,1,14,1,500,214.7,0.35,3d9dfd7010c3,3708,61,1466658791
qcmbg05,icem,lewm_qcmbg05_scale_cube_s3072/weights_epoch_10.pt,T4,20,5,2,37,1,21,1,500,219.0,0.43,3d9dfd7010c3,3728,129,1876363394
qcmbg05,icem,lewm_qcmbg05_scale_cube_s3072/weights_epoch_10.pt,T4,20,5,2,38,0,50,2,1000,219.1,0.92,3d9dfd7010c3,3738,116,934549716
qcmbg05,icem,lewm_qcmbg05_scale_cube_s3072/weights_epoch_10.pt,T4,20,5,2,39,1,1,1,500,211.7,0.22,3d9dfd7010c3,3750,87,252215217
qcmbg05,icem,lewm_qcmbg05_scale_cube_s3072/weights_epoch_10.pt,T4,20,5,2,40,1,1,1,500,203.7,0.22,3d9dfd7010c3,3758,150,1075899435
qcmbg05,icem,lewm_qcmbg05_scale_cube_s3072/weights_epoch_10.pt,T4,20,5,2,41,0,50,2,1000,209.1,0.86,3d9dfd7010c3,3784,49,2023525198
qcmbg05,icem,lewm_qcmbg05_scale_cube_s3072/weights_epoch_10.pt,T4,20,5,2,42,1,6,1,500,207.4,0.26,3d9dfd7010c3,3984,57,1781081248
qcmbg05,icem,lewm_qcmbg05_scale_cube_s3072/weights_epoch_10.pt,T4,20,5,2,43,0,50,2,1000,213.2,0.84,3d9dfd7010c3,3988,22,1385513925
qcmbg05,icem,lewm_qcmbg05_scale_cube_s3072/weights_epoch_10.pt,T4,20,5,2,44,1,1,1,500,220.8,0.23,3d9dfd7010c3,4128,122,1329757052
qcmbg05,icem,lewm_qcmbg05_scale_cube_s3072/weights_epoch_10.pt,T4,20,5,2,45,1,1,1,500,216.5,0.23,3d9dfd7010c3,4558,156,2013142041
qcmbg05,icem,lewm_qcmbg05_scale_cube_s3072/weights_epoch_10.pt,T4,20,5,2,46,1,21,1,500,217.6,0.42,3d9dfd7010c3,4592,144,1699460087
qcmbg05,icem,lewm_qcmbg05_scale_cube_s3072/weights_epoch_10.pt,T4,20,5,2,47,0,50,2,1000,216.1,0.91,3d9dfd7010c3,4620,27,1576522898
qcmbg05,icem,lewm_qcmbg05_scale_cube_s3072/weights_epoch_10.pt,T4,20,5,2,48,1,1,1,500,215.9,0.23,3d9dfd7010c3,4669,86,93635780
qcmbg05,icem,lewm_qcmbg05_scale_cube_s3072/weights_epoch_10.pt,T4,20,5,2,49,1,10,1,500,212.3,0.3,3d9dfd7010c3,4735,142,1026073505
qcmbg05,icem,lewm_qcmbg05_scale_cube_s3072/weights_epoch_10.pt,T4,20,5,2,50,0,50,2,1000,215.4,0.85,3d9dfd7010c3,4744,13,2101396891
qcmbg05,icem,lewm_qcmbg05_scale_cube_s3072/weights_epoch_10.pt,T4,20,5,2,51,0,50,2,1000,214.5,0.87,3d9dfd7010c3,4839,20,1174184702
qcmbg05,icem,lewm_qcmbg05_scale_cube_s3072/weights_epoch_10.pt,T4,20,5,2,52,1,1,1,500,211.6,0.22,3d9dfd7010c3,4972,165,1464405264
qcmbg05,icem,lewm_qcmbg05_scale_cube_s3072/weights_epoch_10.pt,T4,20,5,2,53,0,50,2,1000,211.7,0.84,3d9dfd7010c3,4978,48,1878354549
qcmbg05,icem,lewm_qcmbg05_scale_cube_s3072/weights_epoch_10.pt,T4,20,5,2,54,0,50,2,1000,211.5,0.85,3d9dfd7010c3,5006,10,1914852044
qcmbg05,icem,lewm_qcmbg05_scale_cube_s3072/weights_epoch_10.pt,T4,20,5,2,55,0,50,2,1000,216.4,0.88,3d9dfd7010c3,5164,97,1251882409
qcmbg05,icem,lewm_qcmbg05_scale_cube_s3072/weights_epoch_10.pt,T4,20,5,2,56,1,1,1,500,217.1,0.23,3d9dfd7010c3,5381,92,1479252551
qcmbg05,icem,lewm_qcmbg05_scale_cube_s3072/weights_epoch_10.pt,T4,20,5,2,57,1,14,1,500,218.2,0.36,3d9dfd7010c3,5382,129,1620573474
qcmbg05,icem,lewm_qcmbg05_scale_cube_s3072/weights_epoch_10.pt,T4,20,5,2,58,1,1,1,500,214.3,0.23,3d9dfd7010c3,5601,66,955575668
qcmbg05,icem,lewm_qcmbg05_scale_cube_s3072/weights_epoch_10.pt,T4,20,5,2,59,0,50,2,1000,222.1,0.87,3d9dfd7010c3,5621,105,4753937
qcmbg05,icem,lewm_qcmbg05_scale_cube_s3072/weights_epoch_10.pt,T4,20,5,2,60,0,50,2,1000,213.2,0.91,3d9dfd7010c3,5862,116,987807563
qcmbg05,icem,lewm_qcmbg05_scale_cube_s3072/weights_epoch_10.pt,T4,20,5,2,61,0,50,2,1000,210.5,0.83,3d9dfd7010c3,5908,61,39639086
qcmbg05,icem,lewm_qcmbg05_scale_cube_s3072/weights_epoch_10.pt,T4,20,5,2,62,1,1,1,500,213.2,0.23,3d9dfd7010c3,6100,68,283736000
qcmbg05,icem,lewm_qcmbg05_scale_cube_s3072/weights_epoch_10.pt,T4,20,5,2,63,1,1,1,500,209.7,0.22,3d9dfd7010c3,6195,168,676663461
qcmbg05,icem,lewm_qcmbg05_scale_cube_s3072/weights_epoch_10.pt,T4,20,5,2,64,0,50,2,1000,217.5,0.86,3d9dfd7010c3,6328,9,897722396
qcmbg05,icem,lewm_qcmbg05_scale_cube_s3072/weights_epoch_10.pt,T4,20,5,2,65,1,1,1,500,218.2,0.23,3d9dfd7010c3,6449,1,222187385
qcmbg05,icem,lewm_qcmbg05_scale_cube_s3072/weights_epoch_10.pt,T4,20,5,2,66,0,50,2,1000,216.2,0.87,3d9dfd7010c3,6459,13,529260695
qcmbg05,icem,lewm_qcmbg05_scale_cube_s3072/weights_epoch_10.pt,T4,20,5,2,67,1,45,2,1000,215.2,0.9,3d9dfd7010c3,6566,114,657950706
qcmbg05,icem,lewm_qcmbg05_scale_cube_s3072/weights_epoch_10.pt,T4,20,5,2,68,0,50,2,1000,214.5,0.86,3d9dfd7010c3,6921,17,2136250276
qcmbg05,icem,lewm_qcmbg05_scale_cube_s3072/weights_epoch_10.pt,T4,20,5,2,69,1,1,1,500,213.8,0.22,3d9dfd7010c3,6929,81,1206448321
qcmbg05,icem,lewm_qcmbg05_scale_cube_s3072/weights_epoch_10.pt,T4,20,5,2,70,1,1,1,500,214.4,0.23,3d9dfd7010c3,6977,156,125867771
qcmbg05,icem,lewm_qcmbg05_scale_cube_s3072/weights_epoch_10.pt,T4,20,5,2,71,1,8,1,500,219.0,0.29,3d9dfd7010c3,6979,58,1060958622
qcmbg05,icem,lewm_qcmbg05_scale_cube_s3072/weights_epoch_10.pt,T4,20,5,2,72,1,1,1,500,216.6,0.23,3d9dfd7010c3,7034,161,763977328
qcmbg05,icem,lewm_qcmbg05_scale_cube_s3072/weights_epoch_10.pt,T4,20,5,2,73,1,11,1,500,213.6,0.32,3d9dfd7010c3,7050,53,355809557
qcmbg05,icem,lewm_qcmbg05_scale_cube_s3072/weights_epoch_10.pt,T4,20,5,2,74,1,1,1,500,217.1,0.23,3d9dfd7010c3,7140,4,149029292
qcmbg05,icem,lewm_qcmbg05_scale_cube_s3072/weights_epoch_10.pt,T4,20,5,2,75,0,50,2,1000,217.4,0.88,3d9dfd7010c3,7150,22,811493065
qcmbg05,icem,lewm_qcmbg05_scale_cube_s3072/weights_epoch_10.pt,T4,20,5,2,76,1,1,1,500,215.2,0.22,3d9dfd7010c3,7272,95,585877799
qcmbg05,icem,lewm_qcmbg05_scale_cube_s3072/weights_epoch_10.pt,T4,20,5,2,77,1,14,1,500,214.5,0.36,3d9dfd7010c3,7292,127,441953858
qcmbg05,icem,lewm_qcmbg05_scale_cube_s3072/weights_epoch_10.pt,T4,20,5,2,78,1,1,1,500,215.2,0.23,3d9dfd7010c3,7351,90,1110752788
qcmbg05,icem,lewm_qcmbg05_scale_cube_s3072/weights_epoch_10.pt,T4,20,5,2,79,1,1,1,500,218.0,0.23,3d9dfd7010c3,7538,88,2055788913
qcmbg05,icem,lewm_qcmbg05_scale_cube_s3072/weights_epoch_10.pt,T4,20,5,2,80,1,1,1,500,216.5,0.23,3d9dfd7010c3,7558,71,97517866
qcmbg05,icem,lewm_qcmbg05_scale_cube_s3072/weights_epoch_10.pt,T4,20,5,2,81,1,1,1,500,211.2,0.22,3d9dfd7010c3,7630,0,1030514255
qcmbg05,icem,lewm_qcmbg05_scale_cube_s3072/weights_epoch_10.pt,T4,20,5,2,82,1,24,1,500,213.6,0.43,3d9dfd7010c3,7650,136,802802081
qcmbg05,icem,lewm_qcmbg05_scale_cube_s3072/weights_epoch_10.pt,T4,20,5,2,83,0,50,2,1000,211.1,0.83,3d9dfd7010c3,7692,15,392539844
qcmbg05,icem,lewm_qcmbg05_scale_cube_s3072/weights_epoch_10.pt,T4,20,5,2,84,1,1,1,500,212.9,0.22,3d9dfd7010c3,7983,2,179476093
qcmbg05,icem,lewm_qcmbg05_scale_cube_s3072/weights_epoch_10.pt,T4,20,5,2,85,1,19,1,500,212.6,0.41,3d9dfd7010c3,8241,118,839840024
qcmbg05,icem,lewm_qcmbg05_scale_cube_s3072/weights_epoch_10.pt,T4,20,5,2,86,1,17,1,500,209.2,0.36,3d9dfd7010c3,8246,56,549150454
qcmbg05,icem,lewm_qcmbg05_scale_cube_s3072/weights_epoch_10.pt,T4,20,5,2,87,1,1,1,500,207.6,0.22,3d9dfd7010c3,8252,159,403126675
qcmbg05,icem,lewm_qcmbg05_scale_cube_s3072/weights_epoch_10.pt,T4,20,5,2,88,0,50,2,1000,213.4,0.87,3d9dfd7010c3,8385,31,1080306117
qcmbg05,icem,lewm_qcmbg05_scale_cube_s3072/weights_epoch_10.pt,T4,20,5,2,89,1,1,1,500,209.0,0.22,3d9dfd7010c3,8605,85,2027441824
qcmbg05,icem,lewm_qcmbg05_scale_cube_s3072/weights_epoch_10.pt,T4,20,5,2,90,1,24,1,500,214.8,0.46,3d9dfd7010c3,8632,30,951068826
qcmbg05,icem,lewm_qcmbg05_scale_cube_s3072/weights_epoch_10.pt,T4,20,5,2,91,1,1,1,500,213.3,0.22,3d9dfd7010c3,8694,157,806911
qcmbg05,icem,lewm_qcmbg05_scale_cube_s3072/weights_epoch_10.pt,T4,20,5,2,92,1,25,1,500,212.9,0.45,3d9dfd7010c3,8701,135,314171409
qcmbg05,icem,lewm_qcmbg05_scale_cube_s3072/weights_epoch_10.pt,T4,20,5,2,93,0,50,2,1000,215.6,0.91,3d9dfd7010c3,8823,38,705005428
qcmbg05,icem,lewm_qcmbg05_scale_cube_s3072/weights_epoch_10.pt,T4,20,5,2,94,1,1,1,500,207.8,0.22,3d9dfd7010c3,8941,7,936558541
qcmbg05,icem,lewm_qcmbg05_scale_cube_s3072/weights_epoch_10.pt,T4,20,5,2,95,1,1,1,500,217.8,0.23,3d9dfd7010c3,9507,87,258922664
qcmbg05,icem,lewm_qcmbg05_scale_cube_s3072/weights_epoch_10.pt,T4,20,5,2,96,1,1,1,500,219.7,0.23,3d9dfd7010c3,9716,2,500922182
qcmbg05,icem,lewm_qcmbg05_scale_cube_s3072/weights_epoch_10.pt,T4,20,5,2,97,1,1,1,500,214.9,0.22,3d9dfd7010c3,9734,91,627511331
qcmbg05,icem,lewm_qcmbg05_scale_cube_s3072/weights_epoch_10.pt,T4,20,5,2,98,1,15,1,500,218.0,0.38,3d9dfd7010c3,9735,131,2097414261
qcmbg05,icem,lewm_qcmbg05_scale_cube_s3072/weights_epoch_10.pt,T4,20,5,2,99,1,1,1,500,218.8,0.23,3d9dfd7010c3,9797,94,1169712912
qcmbg05,icem,lewm_qcmbg05_scale_cube_s3072/weights_epoch_10.pt,T5,10,3,2,0,0,50,2,300,139.4,0.75,3d9dfd7010c3,273,33,81849082
qcmbg05,icem,lewm_qcmbg05_scale_cube_s3072/weights_epoch_10.pt,T5,10,3,2,1,1,1,1,150,131.5,0.14,3d9dfd7010c3,390,153,1012698527
qcmbg05,icem,lewm_qcmbg05_scale_cube_s3072/weights_epoch_10.pt,T5,10,3,2,2,0,50,2,300,132.4,0.71,3d9dfd7010c3,428,100,787030641
qcmbg05,icem,lewm_qcmbg05_scale_cube_s3072/weights_epoch_10.pt,T5,10,3,2,3,0,50,2,300,132.9,0.71,3d9dfd7010c3,465,21,374686996
qcmbg05,icem,lewm_qcmbg05_scale_cube_s3072/weights_epoch_10.pt,T5,10,3,2,4,0,50,2,300,130.7,0.7,3d9dfd7010c3,604,100,193101229
qcmbg05,icem,lewm_qcmbg05_scale_cube_s3072/weights_epoch_10.pt,T5,10,3,2,5,1,15,1,150,132.8,0.28,3d9dfd7010c3,662,140,859708104
qcmbg05,icem,lewm_qcmbg05_scale_cube_s3072/weights_epoch_10.pt,T5,10,3,2,6,0,50,2,300,131.0,0.7,3d9dfd7010c3,1052,9,562804006
qcmbg05,icem,lewm_qcmbg05_scale_cube_s3072/weights_epoch_10.pt,T5,10,3,2,7,1,1,1,150,131.2,0.14,3d9dfd7010c3,1113,85,423088707
qcmbg05,icem,lewm_qcmbg05_scale_cube_s3072/weights_epoch_10.pt,T5,10,3,2,8,1,1,1,150,131.5,0.14,3d9dfd7010c3,1212,2,1096073749
qcmbg05,icem,lewm_qcmbg05_scale_cube_s3072/weights_epoch_10.pt,T5,10,3,2,9,0,50,2,300,129.0,0.68,3d9dfd7010c3,1254,9,2045289840
qcmbg05,icem,lewm_qcmbg05_scale_cube_s3072/weights_epoch_10.pt,T5,10,3,2,10,0,50,2,300,128.3,0.67,3d9dfd7010c3,1328,140,2143769549
qcmbg05,icem,lewm_qcmbg05_scale_cube_s3072/weights_epoch_10.pt,T5,10,3,2,11,0,50,2,300,128.4,0.68,3d9dfd7010c3,1413,7,1199256744
qcmbg05,icem,lewm_qcmbg05_scale_cube_s3072/weights_epoch_10.pt,T5,10,3,2,12,1,9,1,150,129.6,0.22,3d9dfd7010c3,1737,123,1439603526
qcmbg05,icem,lewm_qcmbg05_scale_cube_s3072/weights_epoch_10.pt,T5,10,3,2,13,1,1,1,150,131.7,0.14,3d9dfd7010c3,1792,173,1836252195
qcmbg05,icem,lewm_qcmbg05_scale_cube_s3072/weights_epoch_10.pt,T5,10,3,2,14,1,1,1,150,128.7,0.14,3d9dfd7010c3,1821,157,1889911962
qcmbg05,icem,lewm_qcmbg05_scale_cube_s3072/weights_epoch_10.pt,T5,10,3,2,15,0,50,2,300,131.2,0.76,3d9dfd7010c3,1856,44,1209639935
qcmbg05,icem,lewm_qcmbg05_scale_cube_s3072/weights_epoch_10.pt,T5,10,3,2,16,1,1,1,150,130.1,0.14,3d9dfd7010c3,1899,155,1521224721
qcmbg05,icem,lewm_qcmbg05_scale_cube_s3072/weights_epoch_10.pt,T5,10,3,2,17,0,50,2,300,130.7,0.7,3d9dfd7010c3,1902,102,1645243252
qcmbg05,icem,lewm_qcmbg05_scale_cube_s3072/weights_epoch_10.pt,T5,10,3,2,18,1,1,1,150,130.8,0.14,3d9dfd7010c3,2099,160,980646690
qcmbg05,icem,lewm_qcmbg05_scale_cube_s3072/weights_epoch_10.pt,T5,10,3,2,19,1,49,2,300,129.3,0.76,3d9dfd7010c3,2160,135,47127623
qcmbg05,icem,lewm_qcmbg05_scale_cube_s3072/weights_epoch_10.pt,T5,10,3,2,20,1,1,1,150,131.5,0.14,3d9dfd7010c3,2191,7,946284829
qcmbg05,icem,lewm_qcmbg05_scale_cube_s3072/weights_epoch_10.pt,T5,10,3,2,21,0,50,2,300,132.1,0.7,3d9dfd7010c3,2521,12,14372472
qcmbg05,icem,lewm_qcmbg05_scale_cube_s3072/weights_epoch_10.pt,T5,10,3,2,22,0,50,2,300,132.7,0.71,3d9dfd7010c3,2651,103,309256598
qcmbg05,icem,lewm_qcmbg05_scale_cube_s3072/weights_epoch_10.pt,T5,10,3,2,23,1,1,1,150,130.6,0.14,3d9dfd7010c3,2653,69,718440179
qcmbg05,icem,lewm_qcmbg05_scale_cube_s3072/weights_epoch_10.pt,T5,10,3,2,24,1,1,1,150,133.2,0.14,3d9dfd7010c3,2658,154,923123274
qcmbg05,icem,lewm_qcmbg05_scale_cube_s3072/weights_epoch_10.pt,T5,10,3,2,25,1,22,1,150,133.4,0.35,3d9dfd7010c3,2835,140,263837999
qcmbg05,icem,lewm_qcmbg05_scale_cube_s3072/weights_epoch_10.pt,T5,10,3,2,26,1,45,2,300,129.9,0.72,3d9dfd7010c3,2962,42,487356097
qcmbg05,icem,lewm_qcmbg05_scale_cube_s3072/weights_epoch_10.pt,T5,10,3,2,27,1,1,1,150,133.9,0.14,3d9dfd7010c3,2968,169,632295844
qcmbg05,icem,lewm_qcmbg05_scale_cube_s3072/weights_epoch_10.pt,T5,10,3,2,28,0,50,2,300,129.3,0.69,3d9dfd7010c3,3064,17,2110980594
qcmbg05,icem,lewm_qcmbg05_scale_cube_s3072/weights_epoch_10.pt,T5,10,3,2,29,1,20,1,150,129.5,0.29,3d9dfd7010c3,3197,128,1164928663
qcmbg05,icem,lewm_qcmbg05_scale_cube_s3072/weights_epoch_10.pt,T5,10,3,2,30,0,50,2,300,130.6,0.74,3d9dfd7010c3,3204,29,84345005
qcmbg05,icem,lewm_qcmbg05_scale_cube_s3072/weights_epoch_10.pt,T5,10,3,2,31,1,1,1,150,133.1,0.14,3d9dfd7010c3,3413,148,1035691976
qcmbg05,icem,lewm_qcmbg05_scale_cube_s3072/weights_epoch_10.pt,T5,10,3,2,32,1,1,1,150,132.4,0.14,3d9dfd7010c3,3518,6,789497894
qcmbg05,icem,lewm_qcmbg05_scale_cube_s3072/weights_epoch_10.pt,T5,10,3,2,33,1,1,1,150,128.3,0.14,3d9dfd7010c3,3522,174,397586243
qcmbg05,icem,lewm_qcmbg05_scale_cube_s3072/weights_epoch_10.pt,T5,10,3,2,34,0,50,2,300,129.8,0.68,3d9dfd7010c3,3525,110,174430202
qcmbg05,icem,lewm_qcmbg05_scale_cube_s3072/weights_epoch_10.pt,T5,10,3,2,35,1,1,1,150,132.8,0.14,3d9dfd7010c3,3661,6,853143711
qcmbg05,icem,lewm_qcmbg05_scale_cube_s3072/weights_epoch_10.pt,T5,10,3,2,36,1,25,1,150,131.2,0.36,3d9dfd7010c3,3708,61,543973233
qcmbg05,icem,lewm_qcmbg05_scale_cube_s3072/weights_epoch_10.pt,T5,10,3,2,37,1,42,2,300,128.8,0.66,3d9dfd7010c3,3728,129,416299028
qcmbg05,icem,lewm_qcmbg05_scale_cube_s3072/weights_epoch_10.pt,T5,10,3,2,38,0,50,2,300,129.9,0.75,3d9dfd7010c3,3738,116,1085483074
qcmbg05,icem,lewm_qcmbg05_scale_cube_s3072/weights_epoch_10.pt,T5,10,3,2,39,1,1,1,150,134.2,0.14,3d9dfd7010c3,3750,87,2014269223
qcmbg05,icem,lewm_qcmbg05_scale_cube_s3072/weights_epoch_10.pt,T5,10,3,2,40,1,1,1,150,131.0,0.14,3d9dfd7010c3,3758,150,925359293
qcmbg05,icem,lewm_qcmbg05_scale_cube_s3072/weights_epoch_10.pt,T5,10,3,2,41,0,50,2,300,129.9,0.72,3d9dfd7010c3,3784,49,261864408
qcmbg05,icem,lewm_qcmbg05_scale_cube_s3072/weights_epoch_10.pt,T5,10,3,2,42,1,9,1,150,129.8,0.22,3d9dfd7010c3,3984,57,489559094
qcmbg05,icem,lewm_qcmbg05_scale_cube_s3072/weights_epoch_10.pt,T5,10,3,2,43,0,50,2,300,131.8,0.71,3d9dfd7010c3,3988,22,630354771
qcmbg05,icem,lewm_qcmbg05_scale_cube_s3072/weights_epoch_10.pt,T5,10,3,2,44,1,1,1,150,131.6,0.14,3d9dfd7010c3,4128,122,944065514
qcmbg05,icem,lewm_qcmbg05_scale_cube_s3072/weights_epoch_10.pt,T5,10,3,2,45,1,1,1,150,130.7,0.14,3d9dfd7010c3,4558,156,16329871
qcmbg05,icem,lewm_qcmbg05_scale_cube_s3072/weights_epoch_10.pt,T5,10,3,2,46,1,14,1,150,125.5,0.24,3d9dfd7010c3,4592,144,307004257
qcmbg05,icem,lewm_qcmbg05_scale_cube_s3072/weights_epoch_10.pt,T5,10,3,2,47,0,50,2,300,122.6,0.63,3d9dfd7010c3,4620,27,720430084
qcmbg05,icem,lewm_qcmbg05_scale_cube_s3072/weights_epoch_10.pt,T5,10,3,2,48,1,1,1,150,123.2,0.13,3d9dfd7010c3,4669,86,1922298962
qcmbg05,icem,lewm_qcmbg05_scale_cube_s3072/weights_epoch_10.pt,T5,10,3,2,49,1,21,1,150,123.7,0.3,3d9dfd7010c3,4735,142,1244631863
qcmbg05,icem,lewm_qcmbg05_scale_cube_s3072/weights_epoch_10.pt,T5,10,3,2,50,0,50,2,300,124.5,0.61,3d9dfd7010c3,4744,13,172487949
qcmbg05,icem,lewm_qcmbg05_scale_cube_s3072/weights_epoch_10.pt,T5,10,3,2,51,0,50,2,300,120.3,0.61,3d9dfd7010c3,4839,20,855347816
qcmbg05,icem,lewm_qcmbg05_scale_cube_s3072/weights_epoch_10.pt,T5,10,3,2,52,1,1,1,150,123.3,0.13,3d9dfd7010c3,4972,165,541998470
qcmbg05,icem,lewm_qcmbg05_scale_cube_s3072/weights_epoch_10.pt,T5,10,3,2,53,0,50,2,300,127.5,0.7,3d9dfd7010c3,4978,48,418536163
qcmbg05,icem,lewm_qcmbg05_scale_cube_s3072/weights_epoch_10.pt,T5,10,3,2,54,0,50,2,300,127.0,0.64,3d9dfd7010c3,5006,10,86336090
qcmbg05,icem,lewm_qcmbg05_scale_cube_s3072/weights_epoch_10.pt,T5,10,3,2,55,0,50,2,300,127.2,0.65,3d9dfd7010c3,5164,97,1033438527
qcmbg05,icem,lewm_qcmbg05_scale_cube_s3072/weights_epoch_10.pt,T5,10,3,2,56,1,1,1,150,124.7,0.13,3d9dfd7010c3,5381,92,791456465
qcmbg05,icem,lewm_qcmbg05_scale_cube_s3072/weights_epoch_10.pt,T5,10,3,2,57,1,39,2,300,122.4,0.55,3d9dfd7010c3,5382,129,395365812
qcmbg05,icem,lewm_qcmbg05_scale_cube_s3072/weights_epoch_10.pt,T5,10,3,2,58,1,1,1,150,122.9,0.13,3d9dfd7010c3,5601,66,1341382114
qcmbg05,icem,lewm_qcmbg05_scale_cube_s3072/weights_epoch_10.pt,T5,10,3,2,59,0,50,2,300,121.0,0.59,3d9dfd7010c3,5621,105,2001713799
qcmbg05,icem,lewm_qcmbg05_scale_cube_s3072/weights_epoch_10.pt,T5,10,3,2,60,0,50,2,300,122.4,0.63,3d9dfd7010c3,5862,116,1307021277
qcmbg05,icem,lewm_qcmbg05_scale_cube_s3072/weights_epoch_10.pt,T5,10,3,2,61,1,7,1,150,130.0,0.19,3d9dfd7010c3,5908,61,1968957624
qcmbg05,icem,lewm_qcmbg05_scale_cube_s3072/weights_epoch_10.pt,T5,10,3,2,62,1,1,1,150,121.9,0.13,3d9dfd7010c3,6100,68,1743669078
qcmbg05,icem,lewm_qcmbg05_scale_cube_s3072/weights_epoch_10.pt,T5,10,3,2,63,1,1,1,150,122.2,0.13,3d9dfd7010c3,6195,168,1599217715
qcmbg05,icem,lewm_qcmbg05_scale_cube_s3072/weights_epoch_10.pt,T5,10,3,2,64,0,50,2,300,117.8,0.59,3d9dfd7010c3,6328,9,1116018826
qcmbg05,icem,lewm_qcmbg05_scale_cube_s3072/weights_epoch_10.pt,T5,10,3,2,65,1,1,1,150,119.1,0.13,3d9dfd7010c3,6449,1,2050588655
qcmbg05,icem,lewm_qcmbg05_scale_cube_s3072/weights_epoch_10.pt,T5,10,3,2,66,0,50,2,300,117.8,0.58,3d9dfd7010c3,6459,13,1754058753
qcmbg05,icem,lewm_qcmbg05_scale_cube_s3072/weights_epoch_10.pt,T5,10,3,2,67,0,50,2,300,121.2,0.62,3d9dfd7010c3,6566,114,1345369956
qcmbg05,icem,lewm_qcmbg05_scale_cube_s3072/weights_epoch_10.pt,T5,10,3,2,68,0,50,2,300,121.0,0.6,3d9dfd7010c3,6921,17,139700018
qcmbg05,icem,lewm_qcmbg05_scale_cube_s3072/weights_epoch_10.pt,T5,10,3,2,69,1,1,1,150,122.7,0.13,3d9dfd7010c3,6929,81,821018711
qcmbg05,icem,lewm_qcmbg05_scale_cube_s3072/weights_epoch_10.pt,T5,10,3,2,70,1,1,1,150,123.6,0.13,3d9dfd7010c3,6977,156,1887938157
qcmbg05,icem,lewm_qcmbg05_scale_cube_s3072/weights_epoch_10.pt,T5,10,3,2,71,1,6,1,150,119.9,0.17,3d9dfd7010c3,6979,58,1211875592
qcmbg05,icem,lewm_qcmbg05_scale_cube_s3072/weights_epoch_10.pt,T5,10,3,2,72,1,1,1,150,122.3,0.13,3d9dfd7010c3,7034,161,1519283942
qcmbg05,icem,lewm_qcmbg05_scale_cube_s3072/weights_epoch_10.pt,T5,10,3,2,73,1,45,2,300,120.2,0.6,3d9dfd7010c3,7050,53,1647446403
qcmbg05,icem,lewm_qcmbg05_scale_cube_s3072/weights_epoch_10.pt,T5,10,3,2,74,1,1,1,150,123.0,0.13,3d9dfd7010c3,7140,4,2145726778
qcmbg05,icem,lewm_qcmbg05_scale_cube_s3072/weights_epoch_10.pt,T5,10,3,2,75,0,50,2,300,118.0,0.58,3d9dfd7010c3,7150,22,1197037151
qcmbg05,icem,lewm_qcmbg05_scale_cube_s3072/weights_epoch_10.pt,T5,10,3,2,76,1,1,1,150,118.8,0.13,3d9dfd7010c3,7272,95,1441593777
qcmbg05,icem,lewm_qcmbg05_scale_cube_s3072/weights_epoch_10.pt,T5,10,3,2,77,1,24,1,150,118.6,0.31,3d9dfd7010c3,7292,127,1834000084
qcmbg05,icem,lewm_qcmbg05_scale_cube_s3072/weights_epoch_10.pt,T5,10,3,2,78,1,1,1,150,118.1,0.13,3d9dfd7010c3,7351,90,892571266
qcmbg05,icem,lewm_qcmbg05_scale_cube_s3072/weights_epoch_10.pt,T5,10,3,2,79,1,1,1,150,121.0,0.13,3d9dfd7010c3,7538,88,227535335
qcmbg05,icem,lewm_qcmbg05_scale_cube_s3072/weights_epoch_10.pt,T5,10,3,2,80,1,1,1,150,120.1,0.13,3d9dfd7010c3,7558,71,1926705596
qcmbg05,icem,lewm_qcmbg05_scale_cube_s3072/weights_epoch_10.pt,T5,10,3,2,81,1,1,1,150,119.2,0.13,3d9dfd7010c3,7630,0,1248548569
qcmbg05,icem,lewm_qcmbg05_scale_cube_s3072/weights_epoch_10.pt,T5,10,3,2,82,1,50,2,300,124.9,0.67,3d9dfd7010c3,7650,136,1491007799
qcmbg05,icem,lewm_qcmbg05_scale_cube_s3072/weights_epoch_10.pt,T5,10,3,2,83,0,50,2,300,121.3,0.59,3d9dfd7010c3,7692,15,1617075794
qcmbg05,icem,lewm_qcmbg05_scale_cube_s3072/weights_epoch_10.pt,T5,10,3,2,84,1,1,1,150,122.7,0.13,3d9dfd7010c3,7983,2,2109056747
qcmbg05,icem,lewm_qcmbg05_scale_cube_s3072/weights_epoch_10.pt,T5,10,3,2,85,0,50,2,300,120.6,0.66,3d9dfd7010c3,8241,118,1158267278
qcmbg05,icem,lewm_qcmbg05_scale_cube_s3072/weights_epoch_10.pt,T5,10,3,2,86,1,17,1,150,121.0,0.26,3d9dfd7010c3,8246,56,1471966816
qcmbg05,icem,lewm_qcmbg05_scale_cube_s3072/weights_epoch_10.pt,T5,10,3,2,87,1,1,1,150,117.9,0.13,3d9dfd7010c3,8252,159,1862273285
qcmbg05,icem,lewm_qcmbg05_scale_cube_s3072/weights_epoch_10.pt,T5,10,3,2,88,0,50,2,300,120.5,0.63,3d9dfd7010c3,8385,31,929241427
qcmbg05,icem,lewm_qcmbg05_scale_cube_s3072/weights_epoch_10.pt,T5,10,3,2,89,1,1,1,150,119.0,0.13,3d9dfd7010c3,8605,85,266305078
qcmbg05,icem,lewm_qcmbg05_scale_cube_s3072/weights_epoch_10.pt,T5,10,3,2,90,0,50,2,300,118.9,0.6,3d9dfd7010c3,8632,30,1337399308
qcmbg05,icem,lewm_qcmbg05_scale_cube_s3072/weights_epoch_10.pt,T5,10,3,2,91,1,1,1,150,117.7,0.13,3d9dfd7010c3,8694,157,1997242217
qcmbg05,icem,lewm_qcmbg05_scale_cube_s3072/weights_epoch_10.pt,T5,10,3,2,92,1,40,2,300,120.9,0.58,3d9dfd7010c3,8701,135,1707004039
qcmbg05,icem,lewm_qcmbg05_scale_cube_s3072/weights_epoch_10.pt,T5,10,3,2,93,0,50,2,300,120.2,0.67,3d9dfd7010c3,8823,38,1560459234
qcmbg05,icem,lewm_qcmbg05_scale_cube_s3072/weights_epoch_10.pt,T5,10,3,2,94,1,1,1,150,122.8,0.13,3d9dfd7010c3,8941,7,1087737691
qcmbg05,icem,lewm_qcmbg05_scale_cube_s3072/weights_epoch_10.pt,T5,10,3,2,95,1,1,1,150,123.7,0.13,3d9dfd7010c3,9507,87,2020206654
qcmbg05,icem,lewm_qcmbg05_scale_cube_s3072/weights_epoch_10.pt,T5,10,3,2,96,1,1,1,150,124.4,0.13,3d9dfd7010c3,9716,2,1792821200
qcmbg05,icem,lewm_qcmbg05_scale_cube_s3072/weights_epoch_10.pt,T5,10,3,2,97,1,1,1,150,122.9,0.13,3d9dfd7010c3,9734,91,1382031541
qcmbg05,icem,lewm_qcmbg05_scale_cube_s3072/weights_epoch_10.pt,T5,10,3,2,98,1,46,2,300,126.0,0.6,3d9dfd7010c3,9735,131,167981283
qcmbg05,icem,lewm_qcmbg05_scale_cube_s3072/weights_epoch_10.pt,T5,10,3,2,99,1,1,1,150,122.5,0.13,3d9dfd7010c3,9797,94,851400582
