config,solver,checkpoint_path,tier,candidates,iterations,elites,episode_id,success,env_steps_used,num_replans,predictor_forwards_total,wallclock_per_plan_ms,wallclock_episode_s,episodes_hash,traj_id,start_idx,cem_seed
q1f,icem,lewm_qinput_full_cube_s3072/weights_epoch_10.pt,T1,300,30,30,0,0,50,2,90000,1059.9,2.47,8ebb903caa4b,41,122,59584227
q1f,icem,lewm_qinput_full_cube_s3072/weights_epoch_10.pt,T1,300,30,30,1,0,50,2,90000,833.1,2.01,8ebb903caa4b,123,50,993085830
q1f,icem,lewm_qinput_full_cube_s3072/weights_epoch_10.pt,T1,300,30,30,2,0,50,2,90000,841.0,2.02,8ebb903caa4b,703,21,696575592
q1f,icem,lewm_qinput_full_cube_s3072/weights_epoch_10.pt,T1,300,30,30,3,1,1,1,45000,832.2,0.84,8ebb903caa4b,707,69,288915725
q1f,icem,lewm_qinput_full_cube_s3072/weights_epoch_10.pt,T1,300,30,30,4,1,21,1,45000,827.5,0.98,8ebb903caa4b,967,42,217037236
q1f,icem,lewm_qinput_full_cube_s3072/weights_epoch_10.pt,T1,300,30,30,5,0,50,2,90000,834.0,2.02,8ebb903caa4b,993,28,877911761
q1f,icem,lewm_qinput_full_cube_s3072/weights_epoch_10.pt,T1,300,30,30,6,0,50,2,90000,839.3,2.03,8ebb903caa4b,1149,27,652636479
q1f,icem,lewm_qinput_full_cube_s3072/weights_epoch_10.pt,T1,300,30,30,7,1,16,1,45000,842.1,0.96,8ebb903caa4b,1335,141,509220442
q1f,icem,lewm_qinput_full_cube_s3072/weights_epoch_10.pt,T1,300,30,30,8,0,50,2,90000,839.2,2.03,8ebb903caa4b,1466,40,1178142220
q1f,icem,lewm_qinput_full_cube_s3072/weights_epoch_10.pt,T1,300,30,30,9,0,50,2,90000,844.5,2.04,8ebb903caa4b,1559,135,2122670441
q1f,icem,lewm_qinput_full_cube_s3072/weights_epoch_10.pt,T1,300,30,30,10,1,1,1,45000,836.4,0.85,8ebb903caa4b,1666,3,2024445908
q1f,icem,lewm_qinput_full_cube_s3072/weights_epoch_10.pt,T1,300,30,30,11,0,50,2,90000,826.7,2.0,8ebb903caa4b,1988,117,1075245233
q1f,icem,lewm_qinput_full_cube_s3072/weights_epoch_10.pt,T1,300,30,30,12,0,50,2,90000,826.8,1.98,8ebb903caa4b,2060,10,1386438495
q1f,icem,lewm_qinput_full_cube_s3072/weights_epoch_10.pt,T1,300,30,30,13,0,50,2,90000,832.1,1.99,8ebb903caa4b,2142,8,1780430906
q1f,icem,lewm_qinput_full_cube_s3072/weights_epoch_10.pt,T1,300,30,30,14,0,50,2,90000,834.2,2.0,8ebb903caa4b,2194,99,2009596035
q1f,icem,lewm_qinput_full_cube_s3072/weights_epoch_10.pt,T1,300,30,30,15,1,1,1,45000,835.8,0.85,8ebb903caa4b,2222,158,1333028838
q1f,icem,lewm_qinput_full_cube_s3072/weights_epoch_10.pt,T1,300,30,30,16,1,1,1,45000,836.5,0.85,8ebb903caa4b,2265,152,1572980744
q1f,icem,lewm_qinput_full_cube_s3072/weights_epoch_10.pt,T1,300,30,30,17,0,50,2,90000,834.8,2.01,8ebb903caa4b,2424,52,1702735725
q1f,icem,lewm_qinput_full_cube_s3072/weights_epoch_10.pt,T1,300,30,30,18,0,50,2,90000,835.2,2.02,8ebb903caa4b,2510,42,1025425211
q1f,icem,lewm_qinput_full_cube_s3072/weights_epoch_10.pt,T1,300,30,30,19,0,50,2,90000,836.0,2.01,8ebb903caa4b,2604,36,94558302
q1f,icem,lewm_qinput_full_cube_s3072/weights_epoch_10.pt,T1,300,30,30,20,1,1,1,45000,845.6,0.86,8ebb903caa4b,2647,93,1057680644
q1f,icem,lewm_qinput_full_cube_s3072/weights_epoch_10.pt,T1,300,30,30,21,1,1,1,45000,834.8,0.84,8ebb903caa4b,2653,75,129403489
q1f,icem,lewm_qinput_full_cube_s3072/weights_epoch_10.pt,T1,300,30,30,22,0,50,2,90000,832.3,1.99,8ebb903caa4b,2697,47,352527759
q1f,icem,lewm_qinput_full_cube_s3072/weights_epoch_10.pt,T1,300,30,30,23,0,50,2,90000,826.7,1.98,8ebb903caa4b,2784,49,767509226
q1f,icem,lewm_qinput_full_cube_s3072/weights_epoch_10.pt,T1,300,30,30,24,1,1,1,45000,830.2,0.84,8ebb903caa4b,2853,85,812153427
q1f,icem,lewm_qinput_full_cube_s3072/weights_epoch_10.pt,T1,300,30,30,25,1,22,1,45000,829.3,0.99,8ebb903caa4b,3143,54,148118838
q1f,icem,lewm_qinput_full_cube_s3072/weights_epoch_10.pt,T1,300,30,30,26,1,1,1,45000,820.0,0.83,8ebb903caa4b,3194,93,442610392
q1f,icem,lewm_qinput_full_cube_s3072/weights_epoch_10.pt,T1,300,30,30,27,1,1,1,45000,813.3,0.82,8ebb903caa4b,3254,83,584963517
q1f,icem,lewm_qinput_full_cube_s3072/weights_epoch_10.pt,T1,300,30,30,28,1,1,1,45000,830.8,0.84,8ebb903caa4b,3379,164,2059322859
q1f,icem,lewm_qinput_full_cube_s3072/weights_epoch_10.pt,T1,300,30,30,29,0,50,2,90000,835.9,2.0,8ebb903caa4b,3484,8,1107468942
q1f,icem,lewm_qinput_full_cube_s3072/weights_epoch_10.pt,T1,300,30,30,30,0,50,2,90000,837.0,2.01,8ebb903caa4b,3516,49,40551604
q1f,icem,lewm_qinput_full_cube_s3072/weights_epoch_10.pt,T1,300,30,30,31,1,1,1,45000,839.9,0.85,8ebb903caa4b,3769,2,987145169
q1f,icem,lewm_qinput_full_cube_s3072/weights_epoch_10.pt,T1,300,30,30,32,1,5,1,45000,820.8,0.86,8ebb903caa4b,3769,149,677579839
q1f,icem,lewm_qinput_full_cube_s3072/weights_epoch_10.pt,T1,300,30,30,33,1,18,1,45000,817.4,0.95,8ebb903caa4b,3785,139,283077466
q1f,icem,lewm_qinput_full_cube_s3072/weights_epoch_10.pt,T1,300,30,30,34,1,1,1,45000,829.5,0.84,8ebb903caa4b,3800,159,218649571
q1f,icem,lewm_qinput_full_cube_s3072/weights_epoch_10.pt,T1,300,30,30,35,0,50,2,90000,820.6,1.98,8ebb903caa4b,3821,124,901002374
q1f,icem,lewm_qinput_full_cube_s3072/weights_epoch_10.pt,T1,300,30,30,36,1,1,1,45000,838.7,0.85,8ebb903caa4b,3885,1,654416744
q1f,icem,lewm_qinput_full_cube_s3072/weights_epoch_10.pt,T1,300,30,30,37,0,50,2,90000,827.3,2.01,8ebb903caa4b,3964,32,532544525
q1f,icem,lewm_qinput_full_cube_s3072/weights_epoch_10.pt,T1,300,30,30,38,0,50,2,90000,825.2,1.98,8ebb903caa4b,3994,13,1205791835
q1f,icem,lewm_qinput_full_cube_s3072/weights_epoch_10.pt,T1,300,30,30,39,0,50,2,90000,818.2,1.96,8ebb903caa4b,4103,137,2137164606
q1f,icem,lewm_qinput_full_cube_s3072/weights_epoch_10.pt,T1,300,30,30,40,1,16,1,45000,833.6,0.96,8ebb903caa4b,4374,148,810162340
q1f,icem,lewm_qinput_full_cube_s3072/weights_epoch_10.pt,T1,300,30,30,41,1,1,1,45000,833.3,0.84,8ebb903caa4b,4558,95,150372289
q1f,icem,lewm_qinput_full_cube_s3072/weights_epoch_10.pt,T1,300,30,30,42,1,1,1,45000,834.2,0.84,8ebb903caa4b,4797,174,440651823
q1f,icem,lewm_qinput_full_cube_s3072/weights_epoch_10.pt,T1,300,30,30,43,1,1,1,45000,828.2,0.84,8ebb903caa4b,4864,79,587183946
q1f,icem,lewm_qinput_full_cube_s3072/weights_epoch_10.pt,T1,300,30,30,44,0,50,2,90000,826.7,1.98,8ebb903caa4b,4944,11,1059622899
q1f,icem,lewm_qinput_full_cube_s3072/weights_epoch_10.pt,T1,300,30,30,45,0,50,2,90000,827.9,1.99,8ebb903caa4b,5066,136,127199382
q1f,icem,lewm_qinput_full_cube_s3072/weights_epoch_10.pt,T1,300,30,30,46,1,1,1,45000,836.7,0.85,8ebb903caa4b,5069,6,354502520
q1f,icem,lewm_qinput_full_cube_s3072/weights_epoch_10.pt,T1,300,30,30,47,1,1,1,45000,822.8,0.83,8ebb903caa4b,5072,172,765272093
q1f,icem,lewm_qinput_full_cube_s3072/weights_epoch_10.pt,T1,300,30,30,48,0,50,2,90000,839.3,2.02,8ebb903caa4b,5143,12,1979592779
q1f,icem,lewm_qinput_full_cube_s3072/weights_epoch_10.pt,T1,300,30,30,49,0,50,2,90000,837.4,2.01,8ebb903caa4b,5404,99,1296193326
q1f,icem,lewm_qinput_full_cube_s3072/weights_epoch_10.pt,T1,300,30,30,50,1,6,1,45000,847.4,0.89,8ebb903caa4b,5560,59,220868884
q1f,icem,lewm_qinput_full_cube_s3072/weights_epoch_10.pt,T1,300,30,30,51,1,1,1,45000,848.7,0.86,8ebb903caa4b,5565,163,899044977
q1f,icem,lewm_qinput_full_cube_s3072/weights_epoch_10.pt,T1,300,30,30,52,0,50,2,90000,828.3,1.98,8ebb903caa4b,5590,104,656669087
q1f,icem,lewm_qinput_full_cube_s3072/weights_epoch_10.pt,T1,300,30,30,53,0,50,2,90000,835.8,2.01,8ebb903caa4b,5620,23,530554618
q1f,icem,lewm_qinput_full_cube_s3072/weights_epoch_10.pt,T1,300,30,30,54,1,1,1,45000,834.0,0.84,8ebb903caa4b,5630,75,38315587
q1f,icem,lewm_qinput_full_cube_s3072/weights_epoch_10.pt,T1,300,30,30,55,0,50,2,90000,856.4,2.07,8ebb903caa4b,5631,35,989118758
q1f,icem,lewm_qinput_full_cube_s3072/weights_epoch_10.pt,T1,300,30,30,56,0,50,2,90000,838.7,2.02,8ebb903caa4b,5635,25,675376840
q1f,icem,lewm_qinput_full_cube_s3072/weights_epoch_10.pt,T1,300,30,30,57,1,1,1,45000,851.4,0.86,8ebb903caa4b,5936,164,285018541
q1f,icem,lewm_qinput_full_cube_s3072/weights_epoch_10.pt,T1,300,30,30,58,1,8,1,45000,848.0,0.91,8ebb903caa4b,6014,139,1218320891
q1f,icem,lewm_qinput_full_cube_s3072/weights_epoch_10.pt,T1,300,30,30,59,0,50,2,90000,849.7,2.05,8ebb903caa4b,6057,35,1881308830
q1f,icem,lewm_qinput_full_cube_s3072/weights_epoch_10.pt,T1,300,30,30,60,0,50,2,90000,848.1,2.04,8ebb903caa4b,6121,133,1250577348
q1f,icem,lewm_qinput_full_cube_s3072/weights_epoch_10.pt,T1,300,30,30,61,0,50,2,90000,828.0,2.0,8ebb903caa4b,6123,36,1916152993
q1f,icem,lewm_qinput_full_cube_s3072/weights_epoch_10.pt,T1,300,30,30,62,1,1,1,45000,836.3,0.85,8ebb903caa4b,6214,171,1619231567
q1f,icem,lewm_qinput_full_cube_s3072/weights_epoch_10.pt,T1,300,30,30,63,0,50,2,90000,841.6,2.02,8ebb903caa4b,6331,98,1480582186
q1f,icem,lewm_qinput_full_cube_s3072/weights_epoch_10.pt,T1,300,30,30,64,0,50,2,90000,846.4,2.03,8ebb903caa4b,6381,104,1172888723
q1f,icem,lewm_qinput_full_cube_s3072/weights_epoch_10.pt,T1,300,30,30,65,0,50,2,90000,835.5,2.01,8ebb903caa4b,6389,43,2102705142
q1f,icem,lewm_qinput_full_cube_s3072/weights_epoch_10.pt,T1,300,30,30,66,1,1,1,45000,837.4,0.85,8ebb903caa4b,6412,158,1877021720
q1f,icem,lewm_qinput_full_cube_s3072/weights_epoch_10.pt,T1,300,30,30,67,0,50,2,90000,838.6,2.02,8ebb903caa4b,6417,41,1465742205
q1f,icem,lewm_qinput_full_cube_s3072/weights_epoch_10.pt,T1,300,30,30,68,0,50,2,90000,873.7,2.1,8ebb903caa4b,6422,119,255746859
q1f,icem,lewm_qinput_full_cube_s3072/weights_epoch_10.pt,T1,300,30,30,69,1,1,1,45000,872.4,0.88,8ebb903caa4b,6462,157,931267662
q1f,icem,lewm_qinput_full_cube_s3072/weights_epoch_10.pt,T1,300,30,30,70,1,24,1,45000,810.7,0.99,8ebb903caa4b,6586,145,2011849332
q1f,icem,lewm_qinput_full_cube_s3072/weights_epoch_10.pt,T1,300,30,30,71,0,50,2,90000,832.3,2.02,8ebb903caa4b,6714,125,1331037457
q1f,icem,lewm_qinput_full_cube_s3072/weights_epoch_10.pt,T1,300,30,30,72,0,50,2,90000,853.0,2.05,8ebb903caa4b,6777,10,1575201535
q1f,icem,lewm_qinput_full_cube_s3072/weights_epoch_10.pt,T1,300,30,30,73,1,1,1,45000,836.0,0.85,8ebb903caa4b,6828,71,1700777370
q1f,icem,lewm_qinput_full_cube_s3072/weights_epoch_10.pt,T1,300,30,30,74,0,50,2,90000,853.1,2.04,8ebb903caa4b,6834,136,2022241571
q1f,icem,lewm_qinput_full_cube_s3072/weights_epoch_10.pt,T1,300,30,30,75,0,50,2,90000,846.5,2.06,8ebb903caa4b,6939,36,1077187142
q1f,icem,lewm_qinput_full_cube_s3072/weights_epoch_10.pt,T1,300,30,30,76,1,1,1,45000,845.0,0.85,8ebb903caa4b,7030,175,1384201640
q1f,icem,lewm_qinput_full_cube_s3072/weights_epoch_10.pt,T1,300,30,30,77,0,50,2,90000,840.6,2.03,8ebb903caa4b,7059,37,1782405837
q1f,icem,lewm_qinput_full_cube_s3072/weights_epoch_10.pt,T1,300,30,30,78,0,50,2,90000,844.1,2.02,8ebb903caa4b,7144,11,845040283
q1f,icem,lewm_qinput_full_cube_s3072/weights_epoch_10.pt,T1,300,30,30,79,0,50,2,90000,829.8,2.01,8ebb903caa4b,7238,142,182595070
q1f,icem,lewm_qinput_full_cube_s3072/weights_epoch_10.pt,T1,300,30,30,80,1,1,1,45000,842.6,0.85,8ebb903caa4b,7336,76,1975186853
q1f,icem,lewm_qinput_full_cube_s3072/weights_epoch_10.pt,T1,300,30,30,81,0,50,2,90000,832.6,2.05,8ebb903caa4b,7350,130,1292276416
q1f,icem,lewm_qinput_full_cube_s3072/weights_epoch_10.pt,T1,300,30,30,82,0,50,2,90000,834.8,2.0,8ebb903caa4b,7810,11,1605582126
q1f,icem,lewm_qinput_full_cube_s3072/weights_epoch_10.pt,T1,300,30,30,83,0,50,2,90000,822.5,1.99,8ebb903caa4b,7865,143,1729059403
q1f,icem,lewm_qinput_full_cube_s3072/weights_epoch_10.pt,T1,300,30,30,84,0,50,2,90000,828.7,2.02,8ebb903caa4b,7915,140,2061001458
q1f,icem,lewm_qinput_full_cube_s3072/weights_epoch_10.pt,T1,300,30,30,85,1,1,1,45000,827.4,0.84,8ebb903caa4b,8019,160,1113851287
q1f,icem,lewm_qinput_full_cube_s3072/weights_epoch_10.pt,T1,300,30,30,86,0,50,2,90000,839.8,2.03,8ebb903caa4b,8039,115,1355917945
q1f,icem,lewm_qinput_full_cube_s3072/weights_epoch_10.pt,T1,300,30,30,87,0,50,2,90000,835.1,2.0,8ebb903caa4b,8107,27,1752026396
q1f,icem,lewm_qinput_full_cube_s3072/weights_epoch_10.pt,T1,300,30,30,88,1,1,1,45000,837.4,0.85,8ebb903caa4b,8122,150,806280522
q1f,icem,lewm_qinput_full_cube_s3072/weights_epoch_10.pt,T1,300,30,30,89,1,14,1,45000,822.5,0.92,8ebb903caa4b,8146,128,145930799
q1f,icem,lewm_qinput_full_cube_s3072/weights_epoch_10.pt,T1,300,30,30,90,1,1,1,45000,830.3,0.84,8ebb903caa4b,8323,86,1222302741
q1f,icem,lewm_qinput_full_cube_s3072/weights_epoch_10.pt,T1,300,30,30,91,1,1,1,45000,840.4,0.85,8ebb903caa4b,8542,0,1885780848
q1f,icem,lewm_qinput_full_cube_s3072/weights_epoch_10.pt,T1,300,30,30,92,1,1,1,45000,833.5,0.84,8ebb903caa4b,8584,73,1658000542
q1f,icem,lewm_qinput_full_cube_s3072/weights_epoch_10.pt,T1,300,30,30,93,0,50,2,90000,828.5,2.01,8ebb903caa4b,8594,25,1517253627
q1f,icem,lewm_qinput_full_cube_s3072/weights_epoch_10.pt,T1,300,30,30,94,0,50,2,90000,829.6,1.99,8ebb903caa4b,8833,44,1203260226
q1f,icem,lewm_qinput_full_cube_s3072/weights_epoch_10.pt,T1,300,30,30,95,0,50,2,90000,831.8,2.01,8ebb903caa4b,9032,39,2130979879
q1f,icem,lewm_qinput_full_cube_s3072/weights_epoch_10.pt,T1,300,30,30,96,0,50,2,90000,825.5,2.02,8ebb903caa4b,9625,127,1840350153
q1f,icem,lewm_qinput_full_cube_s3072/weights_epoch_10.pt,T1,300,30,30,97,0,50,2,90000,827.9,1.98,8ebb903caa4b,9677,100,1426973868
q1f,icem,lewm_qinput_full_cube_s3072/weights_epoch_10.pt,T1,300,30,30,98,0,50,2,90000,827.9,1.98,8ebb903caa4b,9914,9,225375482
q1f,icem,lewm_qinput_full_cube_s3072/weights_epoch_10.pt,T1,300,30,30,99,1,1,1,45000,827.1,0.84,8ebb903caa4b,9914,90,902992799
q1f,icem,lewm_qinput_full_cube_s3072/weights_epoch_10.pt,T2,150,15,15,0,0,50,2,22500,429.6,1.23,8ebb903caa4b,41,122,444890969
q1f,icem,lewm_qinput_full_cube_s3072/weights_epoch_10.pt,T2,150,15,15,1,0,50,2,22500,424.6,1.18,8ebb903caa4b,123,50,574101564
q1f,icem,lewm_qinput_full_cube_s3072/weights_epoch_10.pt,T2,150,15,15,2,0,50,2,22500,422.6,1.18,8ebb903caa4b,703,21,814594002
q1f,icem,lewm_qinput_full_cube_s3072/weights_epoch_10.pt,T2,150,15,15,3,1,1,1,11250,419.6,0.43,8ebb903caa4b,707,69,137482423
q1f,icem,lewm_qinput_full_cube_s3072/weights_epoch_10.pt,T2,150,15,15,4,0,50,2,22500,419.8,1.19,8ebb903caa4b,967,42,367454222
q1f,icem,lewm_qinput_full_cube_s3072/weights_epoch_10.pt,T2,150,15,15,5,0,50,2,22500,420.4,1.2,8ebb903caa4b,993,28,760909675
q1f,icem,lewm_qinput_full_cube_s3072/weights_epoch_10.pt,T2,150,15,15,6,0,50,2,22500,424.4,1.2,8ebb903caa4b,1149,27,1072636037
q1f,icem,lewm_qinput_full_cube_s3072/weights_epoch_10.pt,T2,150,15,15,7,1,17,1,11250,422.7,0.54,8ebb903caa4b,1335,141,122898400
q1f,icem,lewm_qinput_full_cube_s3072/weights_epoch_10.pt,T2,150,15,15,8,0,50,2,22500,425.8,1.19,8ebb903caa4b,1466,40,1597003702
q1f,icem,lewm_qinput_full_cube_s3072/weights_epoch_10.pt,T2,150,15,15,9,0,50,2,22500,442.1,1.25,8ebb903caa4b,1559,135,1737240787
q1f,icem,lewm_qinput_full_cube_s3072/weights_epoch_10.pt,T2,150,15,15,10,1,1,1,11250,440.1,0.45,8ebb903caa4b,1666,3,1638123118
q1f,icem,lewm_qinput_full_cube_s3072/weights_epoch_10.pt,T2,150,15,15,11,0,50,2,22500,439.8,1.24,8ebb903caa4b,1988,117,1495245067
q1f,icem,lewm_qinput_full_cube_s3072/weights_epoch_10.pt,T2,150,15,15,12,0,50,2,22500,435.5,1.21,8ebb903caa4b,2060,10,1269436133
q1f,icem,lewm_qinput_full_cube_s3072/weights_epoch_10.pt,T2,150,15,15,13,0,50,2,22500,430.5,1.2,8ebb903caa4b,2142,8,1930848640
q1f,icem,lewm_qinput_full_cube_s3072/weights_epoch_10.pt,T2,150,15,15,14,0,50,2,22500,425.4,1.18,8ebb903caa4b,2194,99,1858163001
q1f,icem,lewm_qinput_full_cube_s3072/weights_epoch_10.pt,T2,150,15,15,15,1,1,1,11250,419.3,0.43,8ebb903caa4b,2222,158,1451046492
q1f,icem,lewm_qinput_full_cube_s3072/weights_epoch_10.pt,T2,150,15,15,16,1,1,1,11250,420.2,0.43,8ebb903caa4b,2265,152,1153997234
q1f,icem,lewm_qinput_full_cube_s3072/weights_epoch_10.pt,T2,150,15,15,17,0,50,2,22500,421.4,1.2,8ebb903caa4b,2424,52,2088042199
q1f,icem,lewm_qinput_full_cube_s3072/weights_epoch_10.pt,T2,150,15,15,18,0,50,2,22500,418.7,1.19,8ebb903caa4b,2510,42,605548161
q1f,icem,lewm_qinput_full_cube_s3072/weights_epoch_10.pt,T2,150,15,15,19,0,50,2,22500,418.9,1.18,8ebb903caa4b,2604,36,481004004
q1f,icem,lewm_qinput_full_cube_s3072/weights_epoch_10.pt,T2,150,15,15,20,1,1,1,11250,425.3,0.43,8ebb903caa4b,2647,93,637779134
q1f,icem,lewm_qinput_full_cube_s3072/weights_epoch_10.pt,T2,150,15,15,21,1,1,1,11250,413.6,0.42,8ebb903caa4b,2653,75,515890139
q1f,icem,lewm_qinput_full_cube_s3072/weights_epoch_10.pt,T2,150,15,15,22,0,50,2,22500,417.0,1.18,8ebb903caa4b,2697,47,202011701
q1f,icem,lewm_qinput_full_cube_s3072/weights_epoch_10.pt,T2,150,15,15,23,0,50,2,22500,424.0,1.19,8ebb903caa4b,2784,49,884347728
q1f,icem,lewm_qinput_full_cube_s3072/weights_epoch_10.pt,T2,150,15,15,24,1,1,1,11250,423.0,0.43,8ebb903caa4b,2853,85,694234089
q1f,icem,lewm_qinput_full_cube_s3072/weights_epoch_10.pt,T2,150,15,15,25,1,10,1,11250,426.8,0.5,8ebb903caa4b,3143,54,299715724
q1f,icem,lewm_qinput_full_cube_s3072/weights_epoch_10.pt,T2,150,15,15,26,1,1,1,11250,417.5,0.43,8ebb903caa4b,3194,93,57205602
q1f,icem,lewm_qinput_full_cube_s3072/weights_epoch_10.pt,T2,150,15,15,27,1,1,1,11250,434.6,0.44,8ebb903caa4b,3254,83,1003783175
q1f,icem,lewm_qinput_full_cube_s3072/weights_epoch_10.pt,T2,150,15,15,28,1,1,1,11250,426.0,0.44,8ebb903caa4b,3379,164,1672975441
q1f,icem,lewm_qinput_full_cube_s3072/weights_epoch_10.pt,T2,150,15,15,29,0,50,2,22500,425.3,1.18,8ebb903caa4b,3484,8,1527509812
q1f,icem,lewm_qinput_full_cube_s3072/weights_epoch_10.pt,T2,150,15,15,30,0,50,2,22500,427.6,1.19,8ebb903caa4b,3516,49,459511054
q1f,icem,lewm_qinput_full_cube_s3072/weights_epoch_10.pt,T2,150,15,15,31,1,1,1,11250,421.1,0.43,8ebb903caa4b,3769,2,601879147
q1f,icem,lewm_qinput_full_cube_s3072/weights_epoch_10.pt,T2,150,15,15,32,1,2,1,11250,422.7,0.44,8ebb903caa4b,3769,149,829054341
q1f,icem,lewm_qinput_full_cube_s3072/weights_epoch_10.pt,T2,150,15,15,33,1,23,1,11250,421.6,0.59,8ebb903caa4b,3785,139,165034720
q1f,icem,lewm_qinput_full_cube_s3072/weights_epoch_10.pt,T2,150,15,15,34,1,1,1,11250,414.1,0.42,8ebb903caa4b,3800,159,335610457
q1f,icem,lewm_qinput_full_cube_s3072/weights_epoch_10.pt,T2,150,15,15,35,1,24,1,11250,414.7,0.59,8ebb903caa4b,3821,124,750609724
q1f,icem,lewm_qinput_full_cube_s3072/weights_epoch_10.pt,T2,150,15,15,36,1,1,1,11250,414.3,0.42,8ebb903caa4b,3885,1,1040763602
q1f,icem,lewm_qinput_full_cube_s3072/weights_epoch_10.pt,T2,150,15,15,37,0,50,2,22500,416.7,1.18,8ebb903caa4b,3964,32,112504247
q1f,icem,lewm_qinput_full_cube_s3072/weights_epoch_10.pt,T2,150,15,15,38,0,50,2,22500,417.7,1.17,8ebb903caa4b,3994,13,1591197153
q1f,icem,lewm_qinput_full_cube_s3072/weights_epoch_10.pt,T2,150,15,15,39,0,50,2,22500,417.2,1.17,8ebb903caa4b,4103,137,1718344324
q1f,icem,lewm_qinput_full_cube_s3072/weights_epoch_10.pt,T2,150,15,15,40,1,14,1,11250,423.9,0.53,8ebb903caa4b,4374,148,692275486
q1f,icem,lewm_qinput_full_cube_s3072/weights_epoch_10.pt,T2,150,15,15,41,1,1,1,11250,429.3,0.44,8ebb903caa4b,4558,95,301936251
q1f,icem,lewm_qinput_full_cube_s3072/weights_epoch_10.pt,T2,150,15,15,42,1,1,1,11250,427.7,0.44,8ebb903caa4b,4797,174,55214485
q1f,icem,lewm_qinput_full_cube_s3072/weights_epoch_10.pt,T2,150,15,15,43,1,1,1,11250,416.8,0.43,8ebb903caa4b,4864,79,1006036720
q1f,icem,lewm_qinput_full_cube_s3072/weights_epoch_10.pt,T2,150,15,15,44,0,50,2,22500,417.5,1.16,8ebb903caa4b,4944,11,639753801
q1f,icem,lewm_qinput_full_cube_s3072/weights_epoch_10.pt,T2,150,15,15,45,0,50,2,22500,426.0,1.19,8ebb903caa4b,5066,136,513653036
q1f,icem,lewm_qinput_full_cube_s3072/weights_epoch_10.pt,T2,150,15,15,46,1,1,1,11250,429.0,0.44,8ebb903caa4b,5069,6,203953858
q1f,icem,lewm_qinput_full_cube_s3072/weights_epoch_10.pt,T2,150,15,15,47,1,1,1,11250,428.0,0.44,8ebb903caa4b,5072,172,882143655
q1f,icem,lewm_qinput_full_cube_s3072/weights_epoch_10.pt,T2,150,15,15,48,0,50,2,22500,413.2,1.15,8ebb903caa4b,5143,12,1828151793
q1f,icem,lewm_qinput_full_cube_s3072/weights_epoch_10.pt,T2,150,15,15,49,0,50,2,22500,413.5,1.15,8ebb903caa4b,5404,99,1414203028
q1f,icem,lewm_qinput_full_cube_s3072/weights_epoch_10.pt,T2,150,15,15,50,1,15,1,11250,409.8,0.52,8ebb903caa4b,5560,59,337862830
q1f,icem,lewm_qinput_full_cube_s3072/weights_epoch_10.pt,T2,150,15,15,51,1,1,1,11250,410.7,0.42,8ebb903caa4b,5565,163,748619723
q1f,icem,lewm_qinput_full_cube_s3072/weights_epoch_10.pt,T2,150,15,15,52,0,50,2,22500,414.4,1.16,8ebb903caa4b,5590,104,1042982949
q1f,icem,lewm_qinput_full_cube_s3072/weights_epoch_10.pt,T2,150,15,15,53,0,50,2,22500,409.1,1.15,8ebb903caa4b,5620,23,110546752
q1f,icem,lewm_qinput_full_cube_s3072/weights_epoch_10.pt,T2,150,15,15,54,1,1,1,11250,410.4,0.42,8ebb903caa4b,5630,75,457308153
q1f,icem,lewm_qinput_full_cube_s3072/weights_epoch_10.pt,T2,150,15,15,55,0,50,2,22500,415.3,1.18,8ebb903caa4b,5631,35,603820188
q1f,icem,lewm_qinput_full_cube_s3072/weights_epoch_10.pt,T2,150,15,15,56,0,50,2,22500,430.5,1.2,8ebb903caa4b,5635,25,826818418
q1f,icem,lewm_qinput_full_cube_s3072/weights_epoch_10.pt,T2,150,15,15,57,1,1,1,11250,431.7,0.44,8ebb903caa4b,5936,164,167008279
q1f,icem,lewm_qinput_full_cube_s3072/weights_epoch_10.pt,T2,150,15,15,58,1,23,1,11250,427.7,0.6,8ebb903caa4b,6014,139,1368868929
q1f,icem,lewm_qinput_full_cube_s3072/weights_epoch_10.pt,T2,150,15,15,59,0,50,2,22500,427.9,1.21,8ebb903caa4b,6057,35,1764437796
q1f,icem,lewm_qinput_full_cube_s3072/weights_epoch_10.pt,T2,150,15,15,60,0,50,2,22500,413.8,1.17,8ebb903caa4b,6121,133,1401100926
q1f,icem,lewm_qinput_full_cube_s3072/weights_epoch_10.pt,T2,150,15,15,61,0,50,2,22500,423.0,1.2,8ebb903caa4b,6123,36,1799322907
q1f,icem,lewm_qinput_full_cube_s3072/weights_epoch_10.pt,T2,150,15,15,62,1,1,1,11250,426.1,0.44,8ebb903caa4b,6214,171,2039141109
q1f,icem,lewm_qinput_full_cube_s3072/weights_epoch_10.pt,T2,150,15,15,63,0,50,2,22500,421.9,1.17,8ebb903caa4b,6331,98,1094104464
q1f,icem,lewm_qinput_full_cube_s3072/weights_epoch_10.pt,T2,150,15,15,64,0,50,2,22500,414.9,1.16,8ebb903caa4b,6381,104,1558285609
q1f,icem,lewm_qinput_full_cube_s3072/weights_epoch_10.pt,T2,150,15,15,65,0,50,2,22500,420.5,1.18,8ebb903caa4b,6389,43,1683876428
q1f,icem,lewm_qinput_full_cube_s3072/weights_epoch_10.pt,T2,150,15,15,66,1,1,1,11250,415.9,0.43,8ebb903caa4b,6412,158,1994933666
q1f,icem,lewm_qinput_full_cube_s3072/weights_epoch_10.pt,T2,150,15,15,67,0,50,2,22500,417.7,1.17,8ebb903caa4b,6417,41,1314136775
q1f,icem,lewm_qinput_full_cube_s3072/weights_epoch_10.pt,T2,150,15,15,68,0,50,2,22500,411.9,1.18,8ebb903caa4b,6422,119,372716177
q1f,icem,lewm_qinput_full_cube_s3072/weights_epoch_10.pt,T2,150,15,15,69,1,1,1,11250,414.1,0.43,8ebb903caa4b,6462,157,780883444
q1f,icem,lewm_qinput_full_cube_s3072/weights_epoch_10.pt,T2,150,15,15,70,0,50,2,22500,412.7,1.18,8ebb903caa4b,6586,145,1860383694
q1f,icem,lewm_qinput_full_cube_s3072/weights_epoch_10.pt,T2,150,15,15,71,0,50,2,22500,415.6,1.17,8ebb903caa4b,6714,125,1449088171
q1f,icem,lewm_qinput_full_cube_s3072/weights_epoch_10.pt,T2,150,15,15,72,0,50,2,22500,410.3,1.14,8ebb903caa4b,6777,10,1156250437
q1f,icem,lewm_qinput_full_cube_s3072/weights_epoch_10.pt,T2,150,15,15,73,1,1,1,11250,410.8,0.42,8ebb903caa4b,6828,71,2086050848
q1f,icem,lewm_qinput_full_cube_s3072/weights_epoch_10.pt,T2,150,15,15,74,0,50,2,22500,409.6,1.16,8ebb903caa4b,6834,136,1635886233
q1f,icem,lewm_qinput_full_cube_s3072/weights_epoch_10.pt,T2,150,15,15,75,0,50,2,22500,418.1,1.18,8ebb903caa4b,6939,36,1497220092
q1f,icem,lewm_qinput_full_cube_s3072/weights_epoch_10.pt,T2,150,15,15,76,1,1,1,11250,411.0,0.42,8ebb903caa4b,7030,175,1267231762
q1f,icem,lewm_qinput_full_cube_s3072/weights_epoch_10.pt,T2,150,15,15,77,0,50,2,22500,410.5,1.16,8ebb903caa4b,7059,37,1932790647
q1f,icem,lewm_qinput_full_cube_s3072/weights_epoch_10.pt,T2,150,15,15,78,0,50,2,22500,411.6,1.15,8ebb903caa4b,7144,11,727128865
q1f,icem,lewm_qinput_full_cube_s3072/weights_epoch_10.pt,T2,150,15,15,79,0,50,2,22500,416.6,1.21,8ebb903caa4b,7238,142,334199876
q1f,icem,lewm_qinput_full_cube_s3072/weights_epoch_10.pt,T2,150,15,15,80,1,1,1,11250,415.0,0.42,8ebb903caa4b,7336,76,1823712287
q1f,icem,lewm_qinput_full_cube_s3072/weights_epoch_10.pt,T2,150,15,15,81,0,50,2,22500,421.7,1.18,8ebb903caa4b,7350,130,1410319226
q1f,icem,lewm_qinput_full_cube_s3072/weights_epoch_10.pt,T2,150,15,15,82,0,50,2,22500,421.1,1.17,8ebb903caa4b,7810,11,1186622612
q1f,icem,lewm_qinput_full_cube_s3072/weights_epoch_10.pt,T2,150,15,15,83,1,13,1,11250,423.4,0.52,8ebb903caa4b,7865,143,2114325489
q1f,icem,lewm_qinput_full_cube_s3072/weights_epoch_10.pt,T2,150,15,15,84,1,17,1,11250,421.3,0.54,8ebb903caa4b,7915,140,1674654536
q1f,icem,lewm_qinput_full_cube_s3072/weights_epoch_10.pt,T2,150,15,15,85,1,1,1,11250,415.2,0.42,8ebb903caa4b,8019,160,1533891629
q1f,icem,lewm_qinput_full_cube_s3072/weights_epoch_10.pt,T2,150,15,15,86,0,50,2,22500,416.2,1.2,8ebb903caa4b,8039,115,1238956995
q1f,icem,lewm_qinput_full_cube_s3072/weights_epoch_10.pt,T2,150,15,15,87,0,50,2,22500,429.7,1.23,8ebb903caa4b,8107,27,1902419110
q1f,icem,lewm_qinput_full_cube_s3072/weights_epoch_10.pt,T2,150,15,15,88,1,1,1,11250,413.2,0.42,8ebb903caa4b,8122,150,688360688
q1f,icem,lewm_qinput_full_cube_s3072/weights_epoch_10.pt,T2,150,15,15,89,0,50,2,22500,416.2,1.17,8ebb903caa4b,8146,128,297528213
q1f,icem,lewm_qinput_full_cube_s3072/weights_epoch_10.pt,T2,150,15,15,90,1,1,1,11250,420.9,0.43,8ebb903caa4b,8323,86,1372818863
q1f,icem,lewm_qinput_full_cube_s3072/weights_epoch_10.pt,T2,150,15,15,91,1,1,1,11250,415.8,0.42,8ebb903caa4b,8542,0,1768942282
q1f,icem,lewm_qinput_full_cube_s3072/weights_epoch_10.pt,T2,150,15,15,92,1,1,1,11250,420.8,0.43,8ebb903caa4b,8584,73,2077902116
q1f,icem,lewm_qinput_full_cube_s3072/weights_epoch_10.pt,T2,150,15,15,93,0,50,2,22500,428.0,1.23,8ebb903caa4b,8594,25,1130766913
q1f,icem,lewm_qinput_full_cube_s3072/weights_epoch_10.pt,T2,150,15,15,94,0,50,2,22500,422.6,1.18,8ebb903caa4b,8833,44,1588665080
q1f,icem,lewm_qinput_full_cube_s3072/weights_epoch_10.pt,T2,150,15,15,95,0,50,2,22500,417.7,1.2,8ebb903caa4b,9032,39,1712160157
q1f,icem,lewm_qinput_full_cube_s3072/weights_epoch_10.pt,T2,150,15,15,96,1,7,1,11250,420.3,0.47,8ebb903caa4b,9625,127,1958269555
q1f,icem,lewm_qinput_full_cube_s3072/weights_epoch_10.pt,T2,150,15,15,97,0,50,2,22500,424.1,1.18,8ebb903caa4b,9677,100,1275376918
q1f,icem,lewm_qinput_full_cube_s3072/weights_epoch_10.pt,T2,150,15,15,98,0,50,2,22500,414.2,1.15,8ebb903caa4b,9914,9,342336832
q1f,icem,lewm_qinput_full_cube_s3072/weights_epoch_10.pt,T2,150,15,15,99,1,1,1,11250,418.9,0.43,8ebb903caa4b,9914,90,752599589
q1f,icem,lewm_qinput_full_cube_s3072/weights_epoch_10.pt,T3,50,10,5,0,0,50,2,5000,285.2,0.92,8ebb903caa4b,41,122,1837322191
q1f,icem,lewm_qinput_full_cube_s3072/weights_epoch_10.pt,T3,50,10,5,1,0,50,2,5000,284.8,0.91,8ebb903caa4b,123,50,1430202538
q1f,icem,lewm_qinput_full_cube_s3072/weights_epoch_10.pt,T3,50,10,5,2,0,50,2,5000,285.9,0.92,8ebb903caa4b,703,21,1200260932
q1f,icem,lewm_qinput_full_cube_s3072/weights_epoch_10.pt,T3,50,10,5,3,1,1,1,2500,275.5,0.29,8ebb903caa4b,707,69,2134302753
q1f,icem,lewm_qinput_full_cube_s3072/weights_epoch_10.pt,T3,50,10,5,4,0,50,2,5000,280.0,0.91,8ebb903caa4b,967,42,1658968216
q1f,icem,lewm_qinput_full_cube_s3072/weights_epoch_10.pt,T3,50,10,5,5,0,50,2,5000,279.5,0.93,8ebb903caa4b,993,28,1516093437
q1f,icem,lewm_qinput_full_cube_s3072/weights_epoch_10.pt,T3,50,10,5,6,0,50,2,5000,284.3,0.94,8ebb903caa4b,1149,27,1223168019
q1f,icem,lewm_qinput_full_cube_s3072/weights_epoch_10.pt,T3,50,10,5,7,1,10,1,2500,277.8,0.35,8ebb903caa4b,1335,141,1884583798
q1f,icem,lewm_qinput_full_cube_s3072/weights_epoch_10.pt,T3,50,10,5,8,0,50,2,5000,280.5,0.91,8ebb903caa4b,1466,40,674719520
q1f,icem,lewm_qinput_full_cube_s3072/weights_epoch_10.pt,T3,50,10,5,9,1,7,1,2500,281.2,0.33,8ebb903caa4b,1559,135,277545029
q1f,icem,lewm_qinput_full_cube_s3072/weights_epoch_10.pt,T3,50,10,5,10,1,1,1,2500,282.5,0.29,8ebb903caa4b,1666,3,379909880
q1f,icem,lewm_qinput_full_cube_s3072/weights_epoch_10.pt,T3,50,10,5,11,0,50,2,5000,279.8,0.91,8ebb903caa4b,1988,117,773362077
q1f,icem,lewm_qinput_full_cube_s3072/weights_epoch_10.pt,T3,50,10,5,12,0,50,2,5000,284.3,0.91,8ebb903caa4b,2060,10,1017986675
q1f,icem,lewm_qinput_full_cube_s3072/weights_epoch_10.pt,T3,50,10,5,13,0,50,2,5000,281.4,0.9,8ebb903caa4b,2142,8,68245782
q1f,icem,lewm_qinput_full_cube_s3072/weights_epoch_10.pt,T3,50,10,5,14,0,50,2,5000,285.8,0.91,8ebb903caa4b,2194,99,432431535
q1f,icem,lewm_qinput_full_cube_s3072/weights_epoch_10.pt,T3,50,10,5,15,1,1,1,2500,290.3,0.3,8ebb903caa4b,2222,158,561645258
q1f,icem,lewm_qinput_full_cube_s3072/weights_epoch_10.pt,T3,50,10,5,16,1,1,1,2500,287.0,0.3,8ebb903caa4b,2265,152,869247268
q1f,icem,lewm_qinput_full_cube_s3072/weights_epoch_10.pt,T3,50,10,5,17,0,50,2,5000,289.1,0.93,8ebb903caa4b,2424,52,192138817
q1f,icem,lewm_qinput_full_cube_s3072/weights_epoch_10.pt,T3,50,10,5,18,0,50,2,5000,280.3,0.91,8ebb903caa4b,2510,42,1393614359
q1f,icem,lewm_qinput_full_cube_s3072/weights_epoch_10.pt,T3,50,10,5,19,0,50,2,5000,278.4,0.91,8ebb903caa4b,2604,36,1806481778
q1f,icem,lewm_qinput_full_cube_s3072/weights_epoch_10.pt,T3,50,10,5,20,1,1,1,2500,276.9,0.29,8ebb903caa4b,2647,93,1359252520
q1f,icem,lewm_qinput_full_cube_s3072/weights_epoch_10.pt,T3,50,10,5,21,1,1,1,2500,278.3,0.29,8ebb903caa4b,2653,75,1773726541
q1f,icem,lewm_qinput_full_cube_s3072/weights_epoch_10.pt,T3,50,10,5,22,0,50,2,5000,275.3,0.93,8ebb903caa4b,2697,47,2064467107
q1f,icem,lewm_qinput_full_cube_s3072/weights_epoch_10.pt,T3,50,10,5,23,0,50,2,5000,277.8,0.9,8ebb903caa4b,2784,49,1135682502
q1f,icem,lewm_qinput_full_cube_s3072/weights_epoch_10.pt,T3,50,10,5,24,1,1,1,2500,281.3,0.29,8ebb903caa4b,2853,85,1583750015
q1f,icem,lewm_qinput_full_cube_s3072/weights_epoch_10.pt,T3,50,10,5,25,0,50,2,5000,276.1,0.9,8ebb903caa4b,3143,54,1725594650
q1f,icem,lewm_qinput_full_cube_s3072/weights_epoch_10.pt,T3,50,10,5,26,1,1,1,2500,288.5,0.3,8ebb903caa4b,3194,93,1953485812
q1f,icem,lewm_qinput_full_cube_s3072/weights_epoch_10.pt,T3,50,10,5,27,1,1,1,2500,290.3,0.3,8ebb903caa4b,3254,83,1288942737
q1f,icem,lewm_qinput_full_cube_s3072/weights_epoch_10.pt,T3,50,10,5,28,1,1,1,2500,278.3,0.29,8ebb903caa4b,3379,164,347120839
q1f,icem,lewm_qinput_full_cube_s3072/weights_epoch_10.pt,T3,50,10,5,29,0,50,2,5000,280.3,0.89,8ebb903caa4b,3484,8,739034018
q1f,icem,lewm_qinput_full_cube_s3072/weights_epoch_10.pt,T3,50,10,5,30,0,50,2,5000,281.2,0.9,8ebb903caa4b,3516,49,1818535320
q1f,icem,lewm_qinput_full_cube_s3072/weights_epoch_10.pt,T3,50,10,5,31,1,1,1,2500,283.5,0.29,8ebb903caa4b,3769,2,1423491837
q1f,icem,lewm_qinput_full_cube_s3072/weights_epoch_10.pt,T3,50,10,5,32,1,1,1,2500,279.9,0.29,8ebb903caa4b,3769,149,1181576467
q1f,icem,lewm_qinput_full_cube_s3072/weights_epoch_10.pt,T3,50,10,5,33,1,6,1,2500,276.4,0.32,8ebb903caa4b,3785,139,2127628918
q1f,icem,lewm_qinput_full_cube_s3072/weights_epoch_10.pt,T3,50,10,5,34,1,1,1,2500,276.5,0.29,8ebb903caa4b,3800,159,1661350607
q1f,icem,lewm_qinput_full_cube_s3072/weights_epoch_10.pt,T3,50,10,5,35,1,7,1,2500,276.7,0.33,8ebb903caa4b,3821,124,1538938282
q1f,icem,lewm_qinput_full_cube_s3072/weights_epoch_10.pt,T3,50,10,5,36,1,1,1,2500,275.7,0.28,8ebb903caa4b,3885,1,1225783876
q1f,icem,lewm_qinput_full_cube_s3072/weights_epoch_10.pt,T3,50,10,5,37,0,50,2,5000,279.1,0.92,8ebb903caa4b,3964,32,1907596577
q1f,icem,lewm_qinput_full_cube_s3072/weights_epoch_10.pt,T3,50,10,5,38,0,50,2,5000,278.7,0.91,8ebb903caa4b,3994,13,701533559
q1f,icem,lewm_qinput_full_cube_s3072/weights_epoch_10.pt,T3,50,10,5,39,0,50,2,5000,280.8,0.91,8ebb903caa4b,4103,137,292350482
q1f,icem,lewm_qinput_full_cube_s3072/weights_epoch_10.pt,T3,50,10,5,40,1,10,1,2500,276.7,0.35,8ebb903caa4b,4374,148,1581545864
q1f,icem,lewm_qinput_full_cube_s3072/weights_epoch_10.pt,T3,50,10,5,41,1,1,1,2500,280.0,0.29,8ebb903caa4b,4558,95,1727536877
q1f,icem,lewm_qinput_full_cube_s3072/weights_epoch_10.pt,T3,50,10,5,42,1,1,1,2500,280.8,0.29,8ebb903caa4b,4797,174,1951248643
q1f,icem,lewm_qinput_full_cube_s3072/weights_epoch_10.pt,T3,50,10,5,43,1,1,1,2500,285.4,0.29,8ebb903caa4b,4864,79,1290917478
q1f,icem,lewm_qinput_full_cube_s3072/weights_epoch_10.pt,T3,50,10,5,44,0,50,2,5000,283.3,0.9,8ebb903caa4b,4944,11,1361506015
q1f,icem,lewm_qinput_full_cube_s3072/weights_epoch_10.pt,T3,50,10,5,45,0,50,2,5000,281.7,0.92,8ebb903caa4b,5066,136,1771735482
q1f,icem,lewm_qinput_full_cube_s3072/weights_epoch_10.pt,T3,50,10,5,46,1,1,1,2500,283.5,0.29,8ebb903caa4b,5069,6,2066687572
q1f,icem,lewm_qinput_full_cube_s3072/weights_epoch_10.pt,T3,50,10,5,47,1,1,1,2500,281.3,0.29,8ebb903caa4b,5072,172,1133723953
q1f,icem,lewm_qinput_full_cube_s3072/weights_epoch_10.pt,T3,50,10,5,48,0,50,2,5000,283.7,0.91,8ebb903caa4b,5143,12,468734311
q1f,icem,lewm_qinput_full_cube_s3072/weights_epoch_10.pt,T3,50,10,5,49,0,50,2,5000,285.8,0.91,8ebb903caa4b,5404,99,592197122
q1f,icem,lewm_qinput_full_cube_s3072/weights_epoch_10.pt,T3,50,10,5,50,1,8,1,2500,284.9,0.35,8ebb903caa4b,5560,59,1663324216
q1f,icem,lewm_qinput_full_cube_s3072/weights_epoch_10.pt,T3,50,10,5,51,1,1,1,2500,283.9,0.29,8ebb903caa4b,5565,163,1536702301
q1f,icem,lewm_qinput_full_cube_s3072/weights_epoch_10.pt,T3,50,10,5,52,0,50,2,5000,279.6,0.9,8ebb903caa4b,5590,104,1227724979
q1f,icem,lewm_qinput_full_cube_s3072/weights_epoch_10.pt,T3,50,10,5,53,0,50,2,5000,287.8,0.92,8ebb903caa4b,5620,23,1905393622
q1f,icem,lewm_qinput_full_cube_s3072/weights_epoch_10.pt,T3,50,10,5,54,1,1,1,2500,285.0,0.29,8ebb903caa4b,5630,75,1816577903
q1f,icem,lewm_qinput_full_cube_s3072/weights_epoch_10.pt,T3,50,10,5,55,0,50,2,5000,281.7,0.92,8ebb903caa4b,5631,35,1425711114
q1f,icem,lewm_qinput_full_cube_s3072/weights_epoch_10.pt,T3,50,10,5,56,0,50,2,5000,280.3,0.91,8ebb903caa4b,5635,25,1179586532
q1f,icem,lewm_qinput_full_cube_s3072/weights_epoch_10.pt,T3,50,10,5,57,1,1,1,2500,283.2,0.29,8ebb903caa4b,5936,164,2129881217
q1f,icem,lewm_qinput_full_cube_s3072/weights_epoch_10.pt,T3,50,10,5,58,0,50,2,5000,282.9,0.92,8ebb903caa4b,6014,139,647002327
q1f,icem,lewm_qinput_full_cube_s3072/weights_epoch_10.pt,T3,50,10,5,59,0,50,2,5000,281.5,0.93,8ebb903caa4b,6057,35,506208178
q1f,icem,lewm_qinput_full_cube_s3072/weights_epoch_10.pt,T3,50,10,5,60,0,50,2,5000,284.7,0.91,8ebb903caa4b,6121,133,612641512
q1f,icem,lewm_qinput_full_cube_s3072/weights_epoch_10.pt,T3,50,10,5,61,0,50,2,5000,287.5,0.93,8ebb903caa4b,6123,36,473451917
q1f,icem,lewm_qinput_full_cube_s3072/weights_epoch_10.pt,T3,50,10,5,62,1,1,1,2500,286.9,0.3,8ebb903caa4b,6214,171,244179555
q1f,icem,lewm_qinput_full_cube_s3072/weights_epoch_10.pt,T3,50,10,5,63,0,50,2,5000,283.9,0.91,8ebb903caa4b,6331,98,909214982
q1f,icem,lewm_qinput_full_cube_s3072/weights_epoch_10.pt,T3,50,10,5,64,0,50,2,5000,282.8,0.9,8ebb903caa4b,6381,104,736542143
q1f,icem,lewm_qinput_full_cube_s3072/weights_epoch_10.pt,T3,50,10,5,65,0,50,2,5000,291.4,0.95,8ebb903caa4b,6389,43,324721370
q1f,icem,lewm_qinput_full_cube_s3072/weights_epoch_10.pt,T3,50,10,5,66,1,1,1,2500,292.9,0.3,8ebb903caa4b,6412,158,32470324
q1f,icem,lewm_qinput_full_cube_s3072/weights_epoch_10.pt,T3,50,10,5,67,0,50,2,5000,285.7,0.92,8ebb903caa4b,6417,41,961745489
q1f,icem,lewm_qinput_full_cube_s3072/weights_epoch_10.pt,T3,50,10,5,68,0,50,2,5000,284.0,0.94,8ebb903caa4b,6422,119,1630536199
q1f,icem,lewm_qinput_full_cube_s3072/weights_epoch_10.pt,T3,50,10,5,69,1,1,1,2500,280.0,0.29,8ebb903caa4b,6462,157,1502373218
q1f,icem,lewm_qinput_full_cube_s3072/weights_epoch_10.pt,T3,50,10,5,70,1,8,1,2500,279.3,0.34,8ebb903caa4b,6586,145,434373464
q1f,icem,lewm_qinput_full_cube_s3072/weights_epoch_10.pt,T3,50,10,5,71,0,50,2,5000,283.5,0.92,8ebb903caa4b,6714,125,559440957
q1f,icem,lewm_qinput_full_cube_s3072/weights_epoch_10.pt,T3,50,10,5,72,0,50,2,5000,283.8,0.91,8ebb903caa4b,6777,10,871222227
q1f,icem,lewm_qinput_full_cube_s3072/weights_epoch_10.pt,T3,50,10,5,73,1,1,1,2500,281.0,0.29,8ebb903caa4b,6828,71,189902006
q1f,icem,lewm_qinput_full_cube_s3072/weights_epoch_10.pt,T3,50,10,5,74,0,50,2,5000,279.7,0.91,8ebb903caa4b,6834,136,377918479
q1f,icem,lewm_qinput_full_cube_s3072/weights_epoch_10.pt,T3,50,10,5,75,0,50,2,5000,283.1,0.93,8ebb903caa4b,6939,36,775615338
q1f,icem,lewm_qinput_full_cube_s3072/weights_epoch_10.pt,T3,50,10,5,76,1,1,1,2500,275.6,0.29,8ebb903caa4b,7030,175,1016028292
q1f,icem,lewm_qinput_full_cube_s3072/weights_epoch_10.pt,T3,50,10,5,77,0,50,2,5000,274.1,0.9,8ebb903caa4b,7059,37,70466529
q1f,icem,lewm_qinput_full_cube_s3072/weights_epoch_10.pt,T3,50,10,5,78,0,50,2,5000,278.1,0.89,8ebb903caa4b,7144,11,1548757943
q1f,icem,lewm_qinput_full_cube_s3072/weights_epoch_10.pt,T3,50,10,5,79,1,13,1,2500,278.6,0.38,8ebb903caa4b,7238,142,1693207762
q1f,icem,lewm_qinput_full_cube_s3072/weights_epoch_10.pt,T3,50,10,5,80,1,1,1,2500,277.6,0.29,8ebb903caa4b,7336,76,464819337
q1f,icem,lewm_qinput_full_cube_s3072/weights_epoch_10.pt,T3,50,10,5,81,1,20,1,2500,278.7,0.43,8ebb903caa4b,7350,130,587789292
q1f,icem,lewm_qinput_full_cube_s3072/weights_epoch_10.pt,T3,50,10,5,82,0,50,2,5000,280.4,0.9,8ebb903caa4b,7810,11,834493442
q1f,icem,lewm_qinput_full_cube_s3072/weights_epoch_10.pt,T3,50,10,5,83,0,50,2,5000,285.8,0.93,8ebb903caa4b,7865,143,151075687
q1f,icem,lewm_qinput_full_cube_s3072/weights_epoch_10.pt,T3,50,10,5,84,1,10,1,2500,286.7,0.36,8ebb903caa4b,7915,140,349570014
q1f,icem,lewm_qinput_full_cube_s3072/weights_epoch_10.pt,T3,50,10,5,85,1,1,1,2500,289.8,0.3,8ebb903caa4b,8019,160,745170107
q1f,icem,lewm_qinput_full_cube_s3072/weights_epoch_10.pt,T3,50,10,5,86,0,50,2,5000,288.1,0.94,8ebb903caa4b,8039,115,1054853973
q1f,icem,lewm_qinput_full_cube_s3072/weights_epoch_10.pt,T3,50,10,5,87,0,50,2,5000,284.2,0.92,8ebb903caa4b,8107,27,107195440
q1f,icem,lewm_qinput_full_cube_s3072/weights_epoch_10.pt,T3,50,10,5,88,1,1,1,2500,284.0,0.3,8ebb903caa4b,8122,150,1577106534
q1f,icem,lewm_qinput_full_cube_s3072/weights_epoch_10.pt,T3,50,10,5,89,1,6,1,2500,282.2,0.33,8ebb903caa4b,8146,128,1723652867
q1f,icem,lewm_qinput_full_cube_s3072/weights_epoch_10.pt,T3,50,10,5,90,1,1,1,2500,282.0,0.29,8ebb903caa4b,8323,86,651476281
q1f,icem,lewm_qinput_full_cube_s3072/weights_epoch_10.pt,T3,50,10,5,91,1,1,1,2500,282.7,0.29,8ebb903caa4b,8542,0,510188124
q1f,icem,lewm_qinput_full_cube_s3072/weights_epoch_10.pt,T3,50,10,5,92,1,1,1,2500,291.0,0.3,8ebb903caa4b,8584,73,215840178
q1f,icem,lewm_qinput_full_cube_s3072/weights_epoch_10.pt,T3,50,10,5,93,0,50,2,5000,285.4,0.97,8ebb903caa4b,8594,25,878777047
q1f,icem,lewm_qinput_full_cube_s3072/weights_epoch_10.pt,T3,50,10,5,94,0,50,2,5000,285.6,0.92,8ebb903caa4b,8833,44,699804270
q1f,icem,lewm_qinput_full_cube_s3072/weights_epoch_10.pt,T3,50,10,5,95,0,50,2,5000,284.7,0.92,8ebb903caa4b,9032,39,285887755
q1f,icem,lewm_qinput_full_cube_s3072/weights_epoch_10.pt,T3,50,10,5,96,0,50,2,5000,284.4,0.93,8ebb903caa4b,9625,127,62907109
q1f,icem,lewm_qinput_full_cube_s3072/weights_epoch_10.pt,T3,50,10,5,97,0,50,2,5000,286.0,0.91,8ebb903caa4b,9677,100,990086528
q1f,icem,lewm_qinput_full_cube_s3072/weights_epoch_10.pt,T3,50,10,5,98,0,50,2,5000,286.7,0.92,8ebb903caa4b,9914,9,1667274198
q1f,icem,lewm_qinput_full_cube_s3072/weights_epoch_10.pt,T3,50,10,5,99,1,1,1,2500,280.0,0.29,8ebb903caa4b,9914,90,1541206707
q1f,icem,lewm_qinput_full_cube_s3072/weights_epoch_10.pt,T4,20,5,2,0,0,50,2,1000,144.5,0.64,8ebb903caa4b,41,122,1944574572
q1f,icem,lewm_qinput_full_cube_s3072/weights_epoch_10.pt,T4,20,5,2,1,1,8,1,500,138.1,0.2,8ebb903caa4b,123,50,1264303369
q1f,icem,lewm_qinput_full_cube_s3072/weights_epoch_10.pt,T4,20,5,2,2,0,50,2,1000,142.6,0.63,8ebb903caa4b,703,21,1508774631
q1f,icem,lewm_qinput_full_cube_s3072/weights_epoch_10.pt,T4,20,5,2,3,1,1,1,500,137.7,0.15,8ebb903caa4b,707,69,1632793986
q1f,icem,lewm_qinput_full_cube_s3072/weights_epoch_10.pt,T4,20,5,2,4,0,50,2,1000,140.1,0.62,8ebb903caa4b,967,42,2089110843
q1f,icem,lewm_qinput_full_cube_s3072/weights_epoch_10.pt,T4,20,5,2,5,0,50,2,1000,143.8,0.65,8ebb903caa4b,993,28,1144597086
q1f,icem,lewm_qinput_full_cube_s3072/weights_epoch_10.pt,T4,20,5,2,6,0,50,2,1000,142.1,0.64,8ebb903caa4b,1149,27,1452049840
q1f,icem,lewm_qinput_full_cube_s3072/weights_epoch_10.pt,T4,20,5,2,7,1,18,1,500,140.7,0.27,8ebb903caa4b,1335,141,1848697557
q1f,icem,lewm_qinput_full_cube_s3072/weights_epoch_10.pt,T4,20,5,2,8,0,50,2,1000,141.2,0.64,8ebb903caa4b,1466,40,911471235
q1f,icem,lewm_qinput_full_cube_s3072/weights_epoch_10.pt,T4,20,5,2,9,0,50,2,1000,138.3,0.62,8ebb903caa4b,1559,135,250582502
q1f,icem,lewm_qinput_full_cube_s3072/weights_epoch_10.pt,T4,20,5,2,10,1,1,1,500,139.7,0.15,8ebb903caa4b,1666,3,146826075
q1f,icem,lewm_qinput_full_cube_s3072/weights_epoch_10.pt,T4,20,5,2,11,0,50,2,1000,146.3,0.67,8ebb903caa4b,1988,117,813433918
q1f,icem,lewm_qinput_full_cube_s3072/weights_epoch_10.pt,T4,20,5,2,12,0,50,2,1000,146.0,0.64,8ebb903caa4b,2060,10,583642064
q1f,icem,lewm_qinput_full_cube_s3072/weights_epoch_10.pt,T4,20,5,2,13,0,50,2,1000,144.4,0.65,8ebb903caa4b,2142,8,443927733
q1f,icem,lewm_qinput_full_cube_s3072/weights_epoch_10.pt,T4,20,5,2,14,0,50,2,1000,144.2,0.64,8ebb903caa4b,2194,99,128119820
q1f,icem,lewm_qinput_full_cube_s3072/weights_epoch_10.pt,T4,20,5,2,15,1,1,1,500,143.5,0.15,8ebb903caa4b,2222,158,1058968425
q1f,icem,lewm_qinput_full_cube_s3072/weights_epoch_10.pt,T4,20,5,2,16,1,1,1,500,143.1,0.15,8ebb903caa4b,2265,152,766196871
q1f,icem,lewm_qinput_full_cube_s3072/weights_epoch_10.pt,T4,20,5,2,17,0,50,2,1000,142.4,0.64,8ebb903caa4b,2424,52,353852386
q1f,icem,lewm_qinput_full_cube_s3072/weights_epoch_10.pt,T4,20,5,2,18,0,50,2,1000,143.2,0.64,8ebb903caa4b,2510,42,1299467188
q1f,icem,lewm_qinput_full_cube_s3072/weights_epoch_10.pt,T4,20,5,2,19,0,50,2,1000,141.7,0.64,8ebb903caa4b,2604,36,1976052945
q1f,icem,lewm_qinput_full_cube_s3072/weights_epoch_10.pt,T4,20,5,2,20,1,1,1,500,143.2,0.15,8ebb903caa4b,2647,93,1331698059
q1f,icem,lewm_qinput_full_cube_s3072/weights_epoch_10.pt,T4,20,5,2,21,1,1,1,500,143.4,0.15,8ebb903caa4b,2653,75,2010939118
q1f,icem,lewm_qinput_full_cube_s3072/weights_epoch_10.pt,T4,20,5,2,22,0,50,2,1000,144.4,0.64,8ebb903caa4b,2697,47,1701433600
q1f,icem,lewm_qinput_full_cube_s3072/weights_epoch_10.pt,T4,20,5,2,23,0,50,2,1000,142.7,0.64,8ebb903caa4b,2784,49,1574286949
q1f,icem,lewm_qinput_full_cube_s3072/weights_epoch_10.pt,T4,20,5,2,24,1,1,1,500,142.8,0.15,8ebb903caa4b,2853,85,1073909468
q1f,icem,lewm_qinput_full_cube_s3072/weights_epoch_10.pt,T4,20,5,2,25,1,9,1,500,143.3,0.21,8ebb903caa4b,3143,54,2025777593
q1f,icem,lewm_qinput_full_cube_s3072/weights_epoch_10.pt,T4,20,5,2,26,1,1,1,500,143.0,0.15,8ebb903caa4b,3194,93,1779123799
q1f,icem,lewm_qinput_full_cube_s3072/weights_epoch_10.pt,T4,20,5,2,27,1,1,1,500,145.9,0.16,8ebb903caa4b,3254,83,1387733298
q1f,icem,lewm_qinput_full_cube_s3072/weights_epoch_10.pt,T4,20,5,2,28,1,1,1,500,146.3,0.16,8ebb903caa4b,3379,164,181678436
q1f,icem,lewm_qinput_full_cube_s3072/weights_epoch_10.pt,T4,20,5,2,29,0,50,2,1000,146.5,0.64,8ebb903caa4b,3484,8,845698561
q1f,icem,lewm_qinput_full_cube_s3072/weights_epoch_10.pt,T4,20,5,2,30,0,50,2,1000,146.6,0.64,8ebb903caa4b,3516,49,1912614971
q1f,icem,lewm_qinput_full_cube_s3072/weights_epoch_10.pt,T4,20,5,2,31,1,1,1,500,143.6,0.15,8ebb903caa4b,3769,2,1253857118
q1f,icem,lewm_qinput_full_cube_s3072/weights_epoch_10.pt,T4,20,5,2,32,1,1,1,500,146.7,0.16,8ebb903caa4b,3769,149,1477048496
q1f,icem,lewm_qinput_full_cube_s3072/weights_epoch_10.pt,T4,20,5,2,33,0,50,2,1000,147.1,0.65,8ebb903caa4b,3785,139,1622515669
q1f,icem,lewm_qinput_full_cube_s3072/weights_epoch_10.pt,T4,20,5,2,34,1,1,1,500,145.1,0.16,8ebb903caa4b,3800,159,2103617388
q1f,icem,lewm_qinput_full_cube_s3072/weights_epoch_10.pt,T4,20,5,2,35,1,6,1,500,146.6,0.19,8ebb903caa4b,3821,124,1172226057
q1f,icem,lewm_qinput_full_cube_s3072/weights_epoch_10.pt,T4,20,5,2,36,1,1,1,500,141.3,0.15,8ebb903caa4b,3885,1,1466658791
q1f,icem,lewm_qinput_full_cube_s3072/weights_epoch_10.pt,T4,20,5,2,37,0,50,2,1000,144.6,0.65,8ebb903caa4b,3964,32,1876363394
q1f,icem,lewm_qinput_full_cube_s3072/weights_epoch_10.pt,T4,20,5,2,38,0,50,2,1000,145.6,0.63,8ebb903caa4b,3994,13,934549716
q1f,icem,lewm_qinput_full_cube_s3072/weights_epoch_10.pt,T4,20,5,2,39,1,7,1,500,146.1,0.2,8ebb903caa4b,4103,137,252215217
q1f,icem,lewm_qinput_full_cube_s3072/weights_epoch_10.pt,T4,20,5,2,40,1,12,1,500,144.0,0.24,8ebb903caa4b,4374,148,1075899435
q1f,icem,lewm_qinput_full_cube_s3072/weights_epoch_10.pt,T4,20,5,2,41,1,1,1,500,141.4,0.15,8ebb903caa4b,4558,95,2023525198
q1f,icem,lewm_qinput_full_cube_s3072/weights_epoch_10.pt,T4,20,5,2,42,1,1,1,500,142.6,0.15,8ebb903caa4b,4797,174,1781081248
q1f,icem,lewm_qinput_full_cube_s3072/weights_epoch_10.pt,T4,20,5,2,43,1,1,1,500,143.8,0.15,8ebb903caa4b,4864,79,1385513925
q1f,icem,lewm_qinput_full_cube_s3072/weights_epoch_10.pt,T4,20,5,2,44,0,50,2,1000,141.6,0.62,8ebb903caa4b,4944,11,1329757052
q1f,icem,lewm_qinput_full_cube_s3072/weights_epoch_10.pt,T4,20,5,2,45,1,7,1,500,144.3,0.2,8ebb903caa4b,5066,136,2013142041
q1f,icem,lewm_qinput_full_cube_s3072/weights_epoch_10.pt,T4,20,5,2,46,1,1,1,500,145.5,0.15,8ebb903caa4b,5069,6,1699460087
q1f,icem,lewm_qinput_full_cube_s3072/weights_epoch_10.pt,T4,20,5,2,47,1,1,1,500,143.1,0.15,8ebb903caa4b,5072,172,1576522898
q1f,icem,lewm_qinput_full_cube_s3072/weights_epoch_10.pt,T4,20,5,2,48,0,50,2,1000,143.8,0.63,8ebb903caa4b,5143,12,93635780
q1f,icem,lewm_qinput_full_cube_s3072/weights_epoch_10.pt,T4,20,5,2,49,0,50,2,1000,142.5,0.62,8ebb903caa4b,5404,99,1026073505
q1f,icem,lewm_qinput_full_cube_s3072/weights_epoch_10.pt,T4,20,5,2,50,1,16,1,500,142.7,0.26,8ebb903caa4b,5560,59,2101396891
q1f,icem,lewm_qinput_full_cube_s3072/weights_epoch_10.pt,T4,20,5,2,51,1,1,1,500,141.2,0.15,8ebb903caa4b,5565,163,1174184702
q1f,icem,lewm_qinput_full_cube_s3072/weights_epoch_10.pt,T4,20,5,2,52,0,50,2,1000,140.3,0.62,8ebb903caa4b,5590,104,1464405264
q1f,icem,lewm_qinput_full_cube_s3072/weights_epoch_10.pt,T4,20,5,2,53,0,50,2,1000,142.0,0.63,8ebb903caa4b,5620,23,1878354549
q1f,icem,lewm_qinput_full_cube_s3072/weights_epoch_10.pt,T4,20,5,2,54,1,1,1,500,141.8,0.15,8ebb903caa4b,5630,75,1914852044
q1f,icem,lewm_qinput_full_cube_s3072/weights_epoch_10.pt,T4,20,5,2,55,0,50,2,1000,142.2,0.64,8ebb903caa4b,5631,35,1251882409
q1f,icem,lewm_qinput_full_cube_s3072/weights_epoch_10.pt,T4,20,5,2,56,0,50,2,1000,143.2,0.65,8ebb903caa4b,5635,25,1479252551
q1f,icem,lewm_qinput_full_cube_s3072/weights_epoch_10.pt,T4,20,5,2,57,1,1,1,500,143.6,0.15,8ebb903caa4b,5936,164,1620573474
q1f,icem,lewm_qinput_full_cube_s3072/weights_epoch_10.pt,T4,20,5,2,58,0,50,2,1000,143.6,0.63,8ebb903caa4b,6014,139,955575668
q1f,icem,lewm_qinput_full_cube_s3072/weights_epoch_10.pt,T4,20,5,2,59,0,50,2,1000,144.7,0.64,8ebb903caa4b,6057,35,4753937
q1f,icem,lewm_qinput_full_cube_s3072/weights_epoch_10.pt,T4,20,5,2,60,0,50,2,1000,141.7,0.62,8ebb903caa4b,6121,133,987807563
q1f,icem,lewm_qinput_full_cube_s3072/weights_epoch_10.pt,T4,20,5,2,61,0,50,2,1000,143.6,0.64,8ebb903caa4b,6123,36,39639086
q1f,icem,lewm_qinput_full_cube_s3072/weights_epoch_10.pt,T4,20,5,2,62,1,1,1,500,141.3,0.15,8ebb903caa4b,6214,171,283736000
q1f,icem,lewm_qinput_full_cube_s3072/weights_epoch_10.pt,T4,20,5,2,63,0,50,2,1000,142.6,0.62,8ebb903caa4b,6331,98,676663461
q1f,icem,lewm_qinput_full_cube_s3072/weights_epoch_10.pt,T4,20,5,2,64,0,50,2,1000,143.3,0.63,8ebb903caa4b,6381,104,897722396
q1f,icem,lewm_qinput_full_cube_s3072/weights_epoch_10.pt,T4,20,5,2,65,0,50,2,1000,139.9,0.62,8ebb903caa4b,6389,43,222187385
q1f,icem,lewm_qinput_full_cube_s3072/weights_epoch_10.pt,T4,20,5,2,66,1,1,1,500,142.4,0.15,8ebb903caa4b,6412,158,529260695
q1f,icem,lewm_qinput_full_cube_s3072/weights_epoch_10.pt,T4,20,5,2,67,0,50,2,1000,139.9,0.62,8ebb903caa4b,6417,41,657950706
q1f,icem,lewm_qinput_full_cube_s3072/weights_epoch_10.pt,T4,20,5,2,68,0,50,2,1000,146.5,0.66,8ebb903caa4b,6422,119,2136250276
q1f,icem,lewm_qinput_full_cube_s3072/weights_epoch_10.pt,T4,20,5,2,69,1,1,1,500,143.2,0.15,8ebb903caa4b,6462,157,1206448321
q1f,icem,lewm_qinput_full_cube_s3072/weights_epoch_10.pt,T4,20,5,2,70,1,12,1,500,141.3,0.24,8ebb903caa4b,6586,145,125867771
q1f,icem,lewm_qinput_full_cube_s3072/weights_epoch_10.pt,T4,20,5,2,71,1,7,1,500,144.1,0.2,8ebb903caa4b,6714,125,1060958622
q1f,icem,lewm_qinput_full_cube_s3072/weights_epoch_10.pt,T4,20,5,2,72,0,50,2,1000,141.0,0.62,8ebb903caa4b,6777,10,763977328
q1f,icem,lewm_qinput_full_cube_s3072/weights_epoch_10.pt,T4,20,5,2,73,1,1,1,500,143.7,0.15,8ebb903caa4b,6828,71,355809557
q1f,icem,lewm_qinput_full_cube_s3072/weights_epoch_10.pt,T4,20,5,2,74,0,50,2,1000,144.6,0.64,8ebb903caa4b,6834,136,149029292
q1f,icem,lewm_qinput_full_cube_s3072/weights_epoch_10.pt,T4,20,5,2,75,0,50,2,1000,142.0,0.63,8ebb903caa4b,6939,36,811493065
q1f,icem,lewm_qinput_full_cube_s3072/weights_epoch_10.pt,T4,20,5,2,76,1,1,1,500,144.2,0.15,8ebb903caa4b,7030,175,585877799
q1f,icem,lewm_qinput_full_cube_s3072/weights_epoch_10.pt,T4,20,5,2,77,0,50,2,1000,144.7,0.65,8ebb903caa4b,7059,37,441953858
q1f,icem,lewm_qinput_full_cube_s3072/weights_epoch_10.pt,T4,20,5,2,78,0,50,2,1000,144.2,0.63,8ebb903caa4b,7144,11,1110752788
q1f,icem,lewm_qinput_full_cube_s3072/weights_epoch_10.pt,T4,20,5,2,79,1,9,1,500,141.4,0.21,8ebb903caa4b,7238,142,2055788913
q1f,icem,lewm_qinput_full_cube_s3072/weights_epoch_10.pt,T4,20,5,2,80,1,1,1,500,139.8,0.15,8ebb903caa4b,7336,76,97517866
q1f,icem,lewm_qinput_full_cube_s3072/weights_epoch_10.pt,T4,20,5,2,81,1,11,1,500,141.6,0.22,8ebb903caa4b,7350,130,1030514255
q1f,icem,lewm_qinput_full_cube_s3072/weights_epoch_10.pt,T4,20,5,2,82,0,50,2,1000,142.5,0.62,8ebb903caa4b,7810,11,802802081
q1f,icem,lewm_qinput_full_cube_s3072/weights_epoch_10.pt,T4,20,5,2,83,1,5,1,500,142.6,0.18,8ebb903caa4b,7865,143,392539844
q1f,icem,lewm_qinput_full_cube_s3072/weights_epoch_10.pt,T4,20,5,2,84,0,50,2,1000,143.5,0.64,8ebb903caa4b,7915,140,179476093
q1f,icem,lewm_qinput_full_cube_s3072/weights_epoch_10.pt,T4,20,5,2,85,1,1,1,500,143.4,0.15,8ebb903caa4b,8019,160,839840024
q1f,icem,lewm_qinput_full_cube_s3072/weights_epoch_10.pt,T4,20,5,2,86,0,50,2,1000,142.4,0.65,8ebb903caa4b,8039,115,549150454
q1f,icem,lewm_qinput_full_cube_s3072/weights_epoch_10.pt,T4,20,5,2,87,0,50,2,1000,143.2,0.65,8ebb903caa4b,8107,27,403126675
q1f,icem,lewm_qinput_full_cube_s3072/weights_epoch_10.pt,T4,20,5,2,88,1,1,1,500,140.7,0.15,8ebb903caa4b,8122,150,1080306117
q1f,icem,lewm_qinput_full_cube_s3072/weights_epoch_10.pt,T4,20,5,2,89,0,50,2,1000,139.8,0.63,8ebb903caa4b,8146,128,2027441824
q1f,icem,lewm_qinput_full_cube_s3072/weights_epoch_10.pt,T4,20,5,2,90,1,1,1,500,142.0,0.15,8ebb903caa4b,8323,86,951068826
q1f,icem,lewm_qinput_full_cube_s3072/weights_epoch_10.pt,T4,20,5,2,91,1,1,1,500,140.2,0.15,8ebb903caa4b,8542,0,806911
q1f,icem,lewm_qinput_full_cube_s3072/weights_epoch_10.pt,T4,20,5,2,92,1,1,1,500,142.2,0.15,8ebb903caa4b,8584,73,314171409
q1f,icem,lewm_qinput_full_cube_s3072/weights_epoch_10.pt,T4,20,5,2,93,0,50,2,1000,145.1,0.67,8ebb903caa4b,8594,25,705005428
q1f,icem,lewm_qinput_full_cube_s3072/weights_epoch_10.pt,T4,20,5,2,94,0,50,2,1000,143.1,0.63,8ebb903caa4b,8833,44,936558541
q1f,icem,lewm_qinput_full_cube_s3072/weights_epoch_10.pt,T4,20,5,2,95,0,50,2,1000,144.7,0.64,8ebb903caa4b,9032,39,258922664
q1f,icem,lewm_qinput_full_cube_s3072/weights_epoch_10.pt,T4,20,5,2,96,1,12,1,500,142.4,0.24,8ebb903caa4b,9625,127,500922182
q1f,icem,lewm_qinput_full_cube_s3072/weights_epoch_10.pt,T4,20,5,2,97,0,50,2,1000,144.5,0.63,8ebb903caa4b,9677,100,627511331
q1f,icem,lewm_qinput_full_cube_s3072/weights_epoch_10.pt,T4,20,5,2,98,0,50,2,1000,144.7,0.63,8ebb903caa4b,9914,9,2097414261
q1f,icem,lewm_qinput_full_cube_s3072/weights_epoch_10.pt,T4,20,5,2,99,1,1,1,500,144.0,0.15,8ebb903caa4b,9914,90,1169712912
q1f,icem,lewm_qinput_full_cube_s3072/weights_epoch_10.pt,T5,10,3,2,0,0,50,2,300,93.3,0.55,8ebb903caa4b,41,122,81849082
q1f,icem,lewm_qinput_full_cube_s3072/weights_epoch_10.pt,T5,10,3,2,1,1,21,1,150,85.3,0.24,8ebb903caa4b,123,50,1012698527
q1f,icem,lewm_qinput_full_cube_s3072/weights_epoch_10.pt,T5,10,3,2,2,0,50,2,300,85.1,0.51,8ebb903caa4b,703,21,787030641
q1f,icem,lewm_qinput_full_cube_s3072/weights_epoch_10.pt,T5,10,3,2,3,1,1,1,150,85.7,0.1,8ebb903caa4b,707,69,374686996
q1f,icem,lewm_qinput_full_cube_s3072/weights_epoch_10.pt,T5,10,3,2,4,0,50,2,300,87.2,0.56,8ebb903caa4b,967,42,193101229
q1f,icem,lewm_qinput_full_cube_s3072/weights_epoch_10.pt,T5,10,3,2,5,0,50,2,300,88.4,0.56,8ebb903caa4b,993,28,859708104
q1f,icem,lewm_qinput_full_cube_s3072/weights_epoch_10.pt,T5,10,3,2,6,0,50,2,300,87.6,0.57,8ebb903caa4b,1149,27,562804006
q1f,icem,lewm_qinput_full_cube_s3072/weights_epoch_10.pt,T5,10,3,2,7,0,50,2,300,86.5,0.52,8ebb903caa4b,1335,141,423088707
q1f,icem,lewm_qinput_full_cube_s3072/weights_epoch_10.pt,T5,10,3,2,8,0,50,2,300,88.1,0.55,8ebb903caa4b,1466,40,1096073749
q1f,icem,lewm_qinput_full_cube_s3072/weights_epoch_10.pt,T5,10,3,2,9,0,50,2,300,87.7,0.52,8ebb903caa4b,1559,135,2045289840
q1f,icem,lewm_qinput_full_cube_s3072/weights_epoch_10.pt,T5,10,3,2,10,1,1,1,150,86.8,0.1,8ebb903caa4b,1666,3,2143769549
q1f,icem,lewm_qinput_full_cube_s3072/weights_epoch_10.pt,T5,10,3,2,11,0,50,2,300,87.0,0.58,8ebb903caa4b,1988,117,1199256744
q1f,icem,lewm_qinput_full_cube_s3072/weights_epoch_10.pt,T5,10,3,2,12,0,50,2,300,88.1,0.52,8ebb903caa4b,2060,10,1439603526
q1f,icem,lewm_qinput_full_cube_s3072/weights_epoch_10.pt,T5,10,3,2,13,0,50,2,300,89.5,0.52,8ebb903caa4b,2142,8,1836252195
q1f,icem,lewm_qinput_full_cube_s3072/weights_epoch_10.pt,T5,10,3,2,14,0,50,2,300,89.3,0.52,8ebb903caa4b,2194,99,1889911962
q1f,icem,lewm_qinput_full_cube_s3072/weights_epoch_10.pt,T5,10,3,2,15,1,1,1,150,85.6,0.1,8ebb903caa4b,2222,158,1209639935
q1f,icem,lewm_qinput_full_cube_s3072/weights_epoch_10.pt,T5,10,3,2,16,1,1,1,150,87.2,0.1,8ebb903caa4b,2265,152,1521224721
q1f,icem,lewm_qinput_full_cube_s3072/weights_epoch_10.pt,T5,10,3,2,17,0,50,2,300,86.5,0.52,8ebb903caa4b,2424,52,1645243252
q1f,icem,lewm_qinput_full_cube_s3072/weights_epoch_10.pt,T5,10,3,2,18,0,50,2,300,88.1,0.54,8ebb903caa4b,2510,42,980646690
q1f,icem,lewm_qinput_full_cube_s3072/weights_epoch_10.pt,T5,10,3,2,19,0,50,2,300,90.4,0.53,8ebb903caa4b,2604,36,47127623
q1f,icem,lewm_qinput_full_cube_s3072/weights_epoch_10.pt,T5,10,3,2,20,1,1,1,150,89.1,0.1,8ebb903caa4b,2647,93,946284829
q1f,icem,lewm_qinput_full_cube_s3072/weights_epoch_10.pt,T5,10,3,2,21,1,1,1,150,87.0,0.1,8ebb903caa4b,2653,75,14372472
q1f,icem,lewm_qinput_full_cube_s3072/weights_epoch_10.pt,T5,10,3,2,22,0,50,2,300,87.1,0.53,8ebb903caa4b,2697,47,309256598
q1f,icem,lewm_qinput_full_cube_s3072/weights_epoch_10.pt,T5,10,3,2,23,0,50,2,300,86.9,0.51,8ebb903caa4b,2784,49,718440179
q1f,icem,lewm_qinput_full_cube_s3072/weights_epoch_10.pt,T5,10,3,2,24,1,1,1,150,87.4,0.1,8ebb903caa4b,2853,85,923123274
q1f,icem,lewm_qinput_full_cube_s3072/weights_epoch_10.pt,T5,10,3,2,25,0,50,2,300,86.5,0.53,8ebb903caa4b,3143,54,263837999
q1f,icem,lewm_qinput_full_cube_s3072/weights_epoch_10.pt,T5,10,3,2,26,1,1,1,150,87.3,0.1,8ebb903caa4b,3194,93,487356097
q1f,icem,lewm_qinput_full_cube_s3072/weights_epoch_10.pt,T5,10,3,2,27,1,1,1,150,87.5,0.1,8ebb903caa4b,3254,83,632295844
q1f,icem,lewm_qinput_full_cube_s3072/weights_epoch_10.pt,T5,10,3,2,28,1,1,1,150,89.8,0.1,8ebb903caa4b,3379,164,2110980594
q1f,icem,lewm_qinput_full_cube_s3072/weights_epoch_10.pt,T5,10,3,2,29,0,50,2,300,88.2,0.52,8ebb903caa4b,3484,8,1164928663
q1f,icem,lewm_qinput_full_cube_s3072/weights_epoch_10.pt,T5,10,3,2,30,0,50,2,300,89.0,0.54,8ebb903caa4b,3516,49,84345005
q1f,icem,lewm_qinput_full_cube_s3072/weights_epoch_10.pt,T5,10,3,2,31,1,1,1,150,87.6,0.1,8ebb903caa4b,3769,2,1035691976
q1f,icem,lewm_qinput_full_cube_s3072/weights_epoch_10.pt,T5,10,3,2,32,1,5,1,150,89.2,0.13,8ebb903caa4b,3769,149,789497894
q1f,icem,lewm_qinput_full_cube_s3072/weights_epoch_10.pt,T5,10,3,2,33,1,14,1,150,85.6,0.19,8ebb903caa4b,3785,139,397586243
q1f,icem,lewm_qinput_full_cube_s3072/weights_epoch_10.pt,T5,10,3,2,34,1,1,1,150,87.9,0.1,8ebb903caa4b,3800,159,174430202
q1f,icem,lewm_qinput_full_cube_s3072/weights_epoch_10.pt,T5,10,3,2,35,0,50,2,300,88.2,0.55,8ebb903caa4b,3821,124,853143711
q1f,icem,lewm_qinput_full_cube_s3072/weights_epoch_10.pt,T5,10,3,2,36,1,1,1,150,88.6,0.1,8ebb903caa4b,3885,1,543973233
q1f,icem,lewm_qinput_full_cube_s3072/weights_epoch_10.pt,T5,10,3,2,37,0,50,2,300,87.3,0.56,8ebb903caa4b,3964,32,416299028
q1f,icem,lewm_qinput_full_cube_s3072/weights_epoch_10.pt,T5,10,3,2,38,0,50,2,300,88.9,0.52,8ebb903caa4b,3994,13,1085483074
q1f,icem,lewm_qinput_full_cube_s3072/weights_epoch_10.pt,T5,10,3,2,39,0,50,2,300,86.8,0.51,8ebb903caa4b,4103,137,2014269223
q1f,icem,lewm_qinput_full_cube_s3072/weights_epoch_10.pt,T5,10,3,2,40,1,13,1,150,86.5,0.19,8ebb903caa4b,4374,148,925359293
q1f,icem,lewm_qinput_full_cube_s3072/weights_epoch_10.pt,T5,10,3,2,41,1,1,1,150,86.3,0.1,8ebb903caa4b,4558,95,261864408
q1f,icem,lewm_qinput_full_cube_s3072/weights_epoch_10.pt,T5,10,3,2,42,1,1,1,150,85.8,0.09,8ebb903caa4b,4797,174,489559094
q1f,icem,lewm_qinput_full_cube_s3072/weights_epoch_10.pt,T5,10,3,2,43,1,1,1,150,88.7,0.1,8ebb903caa4b,4864,79,630354771
q1f,icem,lewm_qinput_full_cube_s3072/weights_epoch_10.pt,T5,10,3,2,44,0,50,2,300,87.3,0.52,8ebb903caa4b,4944,11,944065514
q1f,icem,lewm_qinput_full_cube_s3072/weights_epoch_10.pt,T5,10,3,2,45,0,50,2,300,88.0,0.53,8ebb903caa4b,5066,136,16329871
q1f,icem,lewm_qinput_full_cube_s3072/weights_epoch_10.pt,T5,10,3,2,46,1,1,1,150,88.4,0.1,8ebb903caa4b,5069,6,307004257
q1f,icem,lewm_qinput_full_cube_s3072/weights_epoch_10.pt,T5,10,3,2,47,1,1,1,150,87.6,0.1,8ebb903caa4b,5072,172,720430084
q1f,icem,lewm_qinput_full_cube_s3072/weights_epoch_10.pt,T5,10,3,2,48,0,50,2,300,87.5,0.52,8ebb903caa4b,5143,12,1922298962
q1f,icem,lewm_qinput_full_cube_s3072/weights_epoch_10.pt,T5,10,3,2,49,0,50,2,300,87.7,0.52,8ebb903caa4b,5404,99,1244631863
q1f,icem,lewm_qinput_full_cube_s3072/weights_epoch_10.pt,T5,10,3,2,50,1,24,1,150,86.8,0.28,8ebb903caa4b,5560,59,172487949
q1f,icem,lewm_qinput_full_cube_s3072/weights_epoch_10.pt,T5,10,3,2,51,1,1,1,150,86.3,0.1,8ebb903caa4b,5565,163,855347816
q1f,icem,lewm_qinput_full_cube_s3072/weights_epoch_10.pt,T5,10,3,2,52,0,50,2,300,86.7,0.52,8ebb903caa4b,5590,104,541998470
q1f,icem,lewm_qinput_full_cube_s3072/weights_epoch_10.pt,T5,10,3,2,53,0,50,2,300,87.3,0.53,8ebb903caa4b,5620,23,418536163
q1f,icem,lewm_qinput_full_cube_s3072/weights_epoch_10.pt,T5,10,3,2,54,1,1,1,150,87.9,0.1,8ebb903caa4b,5630,75,86336090
q1f,icem,lewm_qinput_full_cube_s3072/weights_epoch_10.pt,T5,10,3,2,55,0,50,2,300,87.8,0.53,8ebb903caa4b,5631,35,1033438527
q1f,icem,lewm_qinput_full_cube_s3072/weights_epoch_10.pt,T5,10,3,2,56,0,50,2,300,87.8,0.57,8ebb903caa4b,5635,25,791456465
q1f,icem,lewm_qinput_full_cube_s3072/weights_epoch_10.pt,T5,10,3,2,57,1,1,1,150,88.3,0.1,8ebb903caa4b,5936,164,395365812
q1f,icem,lewm_qinput_full_cube_s3072/weights_epoch_10.pt,T5,10,3,2,58,0,50,2,300,89.3,0.53,8ebb903caa4b,6014,139,1341382114
q1f,icem,lewm_qinput_full_cube_s3072/weights_epoch_10.pt,T5,10,3,2,59,0,50,2,300,87.6,0.55,8ebb903caa4b,6057,35,2001713799
q1f,icem,lewm_qinput_full_cube_s3072/weights_epoch_10.pt,T5,10,3,2,60,0,50,2,300,86.6,0.53,8ebb903caa4b,6121,133,1307021277
q1f,icem,lewm_qinput_full_cube_s3072/weights_epoch_10.pt,T5,10,3,2,61,0,50,2,300,87.4,0.53,8ebb903caa4b,6123,36,1968957624
q1f,icem,lewm_qinput_full_cube_s3072/weights_epoch_10.pt,T5,10,3,2,62,1,1,1,150,88.1,0.1,8ebb903caa4b,6214,171,1743669078
q1f,icem,lewm_qinput_full_cube_s3072/weights_epoch_10.pt,T5,10,3,2,63,0,50,2,300,86.9,0.52,8ebb903caa4b,6331,98,1599217715
q1f,icem,lewm_qinput_full_cube_s3072/weights_epoch_10.pt,T5,10,3,2,64,0,50,2,300,90.5,0.53,8ebb903caa4b,6381,104,1116018826
q1f,icem,lewm_qinput_full_cube_s3072/weights_epoch_10.pt,T5,10,3,2,65,0,50,2,300,89.5,0.56,8ebb903caa4b,6389,43,2050588655
q1f,icem,lewm_qinput_full_cube_s3072/weights_epoch_10.pt,T5,10,3,2,66,1,1,1,150,89.2,0.1,8ebb903caa4b,6412,158,1754058753
q1f,icem,lewm_qinput_full_cube_s3072/weights_epoch_10.pt,T5,10,3,2,67,0,50,2,300,88.3,0.54,8ebb903caa4b,6417,41,1345369956
q1f,icem,lewm_qinput_full_cube_s3072/weights_epoch_10.pt,T5,10,3,2,68,0,50,2,300,89.1,0.59,8ebb903caa4b,6422,119,139700018
q1f,icem,lewm_qinput_full_cube_s3072/weights_epoch_10.pt,T5,10,3,2,69,1,1,1,150,88.2,0.1,8ebb903caa4b,6462,157,821018711
q1f,icem,lewm_qinput_full_cube_s3072/weights_epoch_10.pt,T5,10,3,2,70,0,50,2,300,86.4,0.55,8ebb903caa4b,6586,145,1887938157
q1f,icem,lewm_qinput_full_cube_s3072/weights_epoch_10.pt,T5,10,3,2,71,0,50,2,300,86.1,0.53,8ebb903caa4b,6714,125,1211875592
q1f,icem,lewm_qinput_full_cube_s3072/weights_epoch_10.pt,T5,10,3,2,72,0,50,2,300,86.6,0.51,8ebb903caa4b,6777,10,1519283942
q1f,icem,lewm_qinput_full_cube_s3072/weights_epoch_10.pt,T5,10,3,2,73,1,1,1,150,86.3,0.1,8ebb903caa4b,6828,71,1647446403
q1f,icem,lewm_qinput_full_cube_s3072/weights_epoch_10.pt,T5,10,3,2,74,1,14,1,150,87.0,0.2,8ebb903caa4b,6834,136,2145726778
q1f,icem,lewm_qinput_full_cube_s3072/weights_epoch_10.pt,T5,10,3,2,75,0,50,2,300,85.7,0.53,8ebb903caa4b,6939,36,1197037151
q1f,icem,lewm_qinput_full_cube_s3072/weights_epoch_10.pt,T5,10,3,2,76,1,1,1,150,87.4,0.1,8ebb903caa4b,7030,175,1441593777
q1f,icem,lewm_qinput_full_cube_s3072/weights_epoch_10.pt,T5,10,3,2,77,0,50,2,300,86.1,0.54,8ebb903caa4b,7059,37,1834000084
q1f,icem,lewm_qinput_full_cube_s3072/weights_epoch_10.pt,T5,10,3,2,78,0,50,2,300,86.9,0.51,8ebb903caa4b,7144,11,892571266
q1f,icem,lewm_qinput_full_cube_s3072/weights_epoch_10.pt,T5,10,3,2,79,1,6,1,150,88.9,0.13,8ebb903caa4b,7238,142,227535335
q1f,icem,lewm_qinput_full_cube_s3072/weights_epoch_10.pt,T5,10,3,2,80,1,1,1,150,88.1,0.1,8ebb903caa4b,7336,76,1926705596
q1f,icem,lewm_qinput_full_cube_s3072/weights_epoch_10.pt,T5,10,3,2,81,0,50,2,300,87.8,0.53,8ebb903caa4b,7350,130,1248548569
q1f,icem,lewm_qinput_full_cube_s3072/weights_epoch_10.pt,T5,10,3,2,82,0,50,2,300,88.7,0.52,8ebb903caa4b,7810,11,1491007799
q1f,icem,lewm_qinput_full_cube_s3072/weights_epoch_10.pt,T5,10,3,2,83,0,50,2,300,89.2,0.54,8ebb903caa4b,7865,143,1617075794
q1f,icem,lewm_qinput_full_cube_s3072/weights_epoch_10.pt,T5,10,3,2,84,0,50,2,300,88.8,0.54,8ebb903caa4b,7915,140,2109056747
q1f,icem,lewm_qinput_full_cube_s3072/weights_epoch_10.pt,T5,10,3,2,85,1,1,1,150,89.0,0.1,8ebb903caa4b,8019,160,1158267278
q1f,icem,lewm_qinput_full_cube_s3072/weights_epoch_10.pt,T5,10,3,2,86,0,50,2,300,87.8,0.54,8ebb903caa4b,8039,115,1471966816
q1f,icem,lewm_qinput_full_cube_s3072/weights_epoch_10.pt,T5,10,3,2,87,0,50,2,300,87.3,0.58,8ebb903caa4b,8107,27,1862273285
q1f,icem,lewm_qinput_full_cube_s3072/weights_epoch_10.pt,T5,10,3,2,88,1,1,1,150,88.9,0.1,8ebb903caa4b,8122,150,929241427
q1f,icem,lewm_qinput_full_cube_s3072/weights_epoch_10.pt,T5,10,3,2,89,0,50,2,300,88.8,0.53,8ebb903caa4b,8146,128,266305078
q1f,icem,lewm_qinput_full_cube_s3072/weights_epoch_10.pt,T5,10,3,2,90,1,1,1,150,90.6,0.1,8ebb903caa4b,8323,86,1337399308
q1f,icem,lewm_qinput_full_cube_s3072/weights_epoch_10.pt,T5,10,3,2,91,1,1,1,150,88.7,0.1,8ebb903caa4b,8542,0,1997242217
q1f,icem,lewm_qinput_full_cube_s3072/weights_epoch_10.pt,T5,10,3,2,92,1,1,1,150,88.1,0.1,8ebb903caa4b,8584,73,1707004039
q1f,icem,lewm_qinput_full_cube_s3072/weights_epoch_10.pt,T5,10,3,2,93,0,50,2,300,88.9,0.57,8ebb903caa4b,8594,25,1560459234
q1f,icem,lewm_qinput_full_cube_s3072/weights_epoch_10.pt,T5,10,3,2,94,0,50,2,300,91.4,0.54,8ebb903caa4b,8833,44,1087737691
q1f,icem,lewm_qinput_full_cube_s3072/weights_epoch_10.pt,T5,10,3,2,95,0,50,2,300,89.7,0.53,8ebb903caa4b,9032,39,2020206654
q1f,icem,lewm_qinput_full_cube_s3072/weights_epoch_10.pt,T5,10,3,2,96,0,50,2,300,90.9,0.55,8ebb903caa4b,9625,127,1792821200
q1f,icem,lewm_qinput_full_cube_s3072/weights_epoch_10.pt,T5,10,3,2,97,0,50,2,300,88.9,0.52,8ebb903caa4b,9677,100,1382031541
q1f,icem,lewm_qinput_full_cube_s3072/weights_epoch_10.pt,T5,10,3,2,98,0,50,2,300,88.7,0.52,8ebb903caa4b,9914,9,167981283
q1f,icem,lewm_qinput_full_cube_s3072/weights_epoch_10.pt,T5,10,3,2,99,1,1,1,150,88.0,0.1,8ebb903caa4b,9914,90,851400582
