config,solver,checkpoint_path,tier,candidates,iterations,elites,episode_id,success,env_steps_used,num_replans,predictor_forwards_total,wallclock_per_plan_ms,wallclock_episode_s,episodes_hash,traj_id,start_idx,cem_seed
k1,icem,lewm_k1_cube_s3072/weights_epoch_10.pt,T1,300,30,30,0,0,50,2,90000,1470.6,3.34,3d9dfd7010c3,273,33,59584227
k1,icem,lewm_k1_cube_s3072/weights_epoch_10.pt,T1,300,30,30,1,1,1,1,45000,1211.8,1.22,3d9dfd7010c3,390,153,993085830
k1,icem,lewm_k1_cube_s3072/weights_epoch_10.pt,T1,300,30,30,2,0,50,2,90000,1186.7,2.75,3d9dfd7010c3,428,100,696575592
k1,icem,lewm_k1_cube_s3072/weights_epoch_10.pt,T1,300,30,30,3,0,50,2,90000,1193.1,2.76,3d9dfd7010c3,465,21,288915725
k1,icem,lewm_k1_cube_s3072/weights_epoch_10.pt,T1,300,30,30,4,0,50,2,90000,1194.3,2.77,3d9dfd7010c3,604,100,217037236
k1,icem,lewm_k1_cube_s3072/weights_epoch_10.pt,T1,300,30,30,5,1,30,2,90000,1198.5,2.65,3d9dfd7010c3,662,140,877911761
k1,icem,lewm_k1_cube_s3072/weights_epoch_10.pt,T1,300,30,30,6,0,50,2,90000,1259.5,2.9,3d9dfd7010c3,1052,9,652636479
k1,icem,lewm_k1_cube_s3072/weights_epoch_10.pt,T1,300,30,30,7,1,1,1,45000,1192.5,1.2,3d9dfd7010c3,1113,85,509220442
k1,icem,lewm_k1_cube_s3072/weights_epoch_10.pt,T1,300,30,30,8,1,1,1,45000,1182.7,1.19,3d9dfd7010c3,1212,2,1178142220
k1,icem,lewm_k1_cube_s3072/weights_epoch_10.pt,T1,300,30,30,9,0,50,2,90000,1202.8,2.79,3d9dfd7010c3,1254,9,2122670441
k1,icem,lewm_k1_cube_s3072/weights_epoch_10.pt,T1,300,30,30,10,1,26,2,90000,1195.3,2.6,3d9dfd7010c3,1328,140,2024445908
k1,icem,lewm_k1_cube_s3072/weights_epoch_10.pt,T1,300,30,30,11,0,50,2,90000,1216.6,2.81,3d9dfd7010c3,1413,7,1075245233
k1,icem,lewm_k1_cube_s3072/weights_epoch_10.pt,T1,300,30,30,12,1,9,1,45000,1288.6,1.37,3d9dfd7010c3,1737,123,1386438495
k1,icem,lewm_k1_cube_s3072/weights_epoch_10.pt,T1,300,30,30,13,1,1,1,45000,1200.0,1.21,3d9dfd7010c3,1792,173,1780430906
k1,icem,lewm_k1_cube_s3072/weights_epoch_10.pt,T1,300,30,30,14,1,1,1,45000,1215.6,1.23,3d9dfd7010c3,1821,157,2009596035
k1,icem,lewm_k1_cube_s3072/weights_epoch_10.pt,T1,300,30,30,15,1,27,2,90000,1213.4,2.67,3d9dfd7010c3,1856,44,1333028838
k1,icem,lewm_k1_cube_s3072/weights_epoch_10.pt,T1,300,30,30,16,1,1,1,45000,1219.8,1.23,3d9dfd7010c3,1899,155,1572980744
k1,icem,lewm_k1_cube_s3072/weights_epoch_10.pt,T1,300,30,30,17,0,50,2,90000,1207.9,2.79,3d9dfd7010c3,1902,102,1702735725
k1,icem,lewm_k1_cube_s3072/weights_epoch_10.pt,T1,300,30,30,18,1,1,1,45000,1204.4,1.21,3d9dfd7010c3,2099,160,1025425211
k1,icem,lewm_k1_cube_s3072/weights_epoch_10.pt,T1,300,30,30,19,1,20,1,45000,1197.0,1.37,3d9dfd7010c3,2160,135,94558302
k1,icem,lewm_k1_cube_s3072/weights_epoch_10.pt,T1,300,30,30,20,1,1,1,45000,1192.3,1.2,3d9dfd7010c3,2191,7,1057680644
k1,icem,lewm_k1_cube_s3072/weights_epoch_10.pt,T1,300,30,30,21,0,50,2,90000,1201.1,2.79,3d9dfd7010c3,2521,12,129403489
k1,icem,lewm_k1_cube_s3072/weights_epoch_10.pt,T1,300,30,30,22,0,50,2,90000,1191.6,2.75,3d9dfd7010c3,2651,103,352527759
k1,icem,lewm_k1_cube_s3072/weights_epoch_10.pt,T1,300,30,30,23,1,1,1,45000,1241.4,1.25,3d9dfd7010c3,2653,69,767509226
k1,icem,lewm_k1_cube_s3072/weights_epoch_10.pt,T1,300,30,30,24,1,1,1,45000,1261.3,1.27,3d9dfd7010c3,2658,154,812153427
k1,icem,lewm_k1_cube_s3072/weights_epoch_10.pt,T1,300,30,30,25,1,44,2,90000,1209.3,2.78,3d9dfd7010c3,2835,140,148118838
k1,icem,lewm_k1_cube_s3072/weights_epoch_10.pt,T1,300,30,30,26,1,20,1,45000,1172.9,1.34,3d9dfd7010c3,2962,42,442610392
k1,icem,lewm_k1_cube_s3072/weights_epoch_10.pt,T1,300,30,30,27,1,1,1,45000,1173.6,1.18,3d9dfd7010c3,2968,169,584963517
k1,icem,lewm_k1_cube_s3072/weights_epoch_10.pt,T1,300,30,30,28,0,50,2,90000,1183.0,2.75,3d9dfd7010c3,3064,17,2059322859
k1,icem,lewm_k1_cube_s3072/weights_epoch_10.pt,T1,300,30,30,29,1,19,1,45000,1283.1,1.46,3d9dfd7010c3,3197,128,1107468942
k1,icem,lewm_k1_cube_s3072/weights_epoch_10.pt,T1,300,30,30,30,1,43,2,90000,1186.6,2.73,3d9dfd7010c3,3204,29,40551604
k1,icem,lewm_k1_cube_s3072/weights_epoch_10.pt,T1,300,30,30,31,1,4,1,45000,1203.9,1.24,3d9dfd7010c3,3413,148,987145169
k1,icem,lewm_k1_cube_s3072/weights_epoch_10.pt,T1,300,30,30,32,1,1,1,45000,1178.5,1.19,3d9dfd7010c3,3518,6,677579839
k1,icem,lewm_k1_cube_s3072/weights_epoch_10.pt,T1,300,30,30,33,1,1,1,45000,1171.3,1.18,3d9dfd7010c3,3522,174,283077466
k1,icem,lewm_k1_cube_s3072/weights_epoch_10.pt,T1,300,30,30,34,1,23,1,45000,1220.3,1.4,3d9dfd7010c3,3525,110,218649571
k1,icem,lewm_k1_cube_s3072/weights_epoch_10.pt,T1,300,30,30,35,1,1,1,45000,1194.1,1.2,3d9dfd7010c3,3661,6,901002374
k1,icem,lewm_k1_cube_s3072/weights_epoch_10.pt,T1,300,30,30,36,1,8,1,45000,1189.6,1.26,3d9dfd7010c3,3708,61,654416744
k1,icem,lewm_k1_cube_s3072/weights_epoch_10.pt,T1,300,30,30,37,1,18,1,45000,1196.5,1.36,3d9dfd7010c3,3728,129,532544525
k1,icem,lewm_k1_cube_s3072/weights_epoch_10.pt,T1,300,30,30,38,1,21,1,45000,1189.2,1.38,3d9dfd7010c3,3738,116,1205791835
k1,icem,lewm_k1_cube_s3072/weights_epoch_10.pt,T1,300,30,30,39,1,1,1,45000,1259.2,1.27,3d9dfd7010c3,3750,87,2137164606
k1,icem,lewm_k1_cube_s3072/weights_epoch_10.pt,T1,300,30,30,40,1,1,1,45000,1195.2,1.21,3d9dfd7010c3,3758,150,810162340
k1,icem,lewm_k1_cube_s3072/weights_epoch_10.pt,T1,300,30,30,41,0,50,2,90000,1205.7,2.78,3d9dfd7010c3,3784,49,150372289
k1,icem,lewm_k1_cube_s3072/weights_epoch_10.pt,T1,300,30,30,42,1,5,1,45000,1167.8,1.21,3d9dfd7010c3,3984,57,440651823
k1,icem,lewm_k1_cube_s3072/weights_epoch_10.pt,T1,300,30,30,43,0,50,2,90000,1162.0,2.69,3d9dfd7010c3,3988,22,587183946
k1,icem,lewm_k1_cube_s3072/weights_epoch_10.pt,T1,300,30,30,44,1,12,1,45000,1166.2,1.27,3d9dfd7010c3,4128,122,1059622899
k1,icem,lewm_k1_cube_s3072/weights_epoch_10.pt,T1,300,30,30,45,1,1,1,45000,1230.0,1.24,3d9dfd7010c3,4558,156,127199382
k1,icem,lewm_k1_cube_s3072/weights_epoch_10.pt,T1,300,30,30,46,1,41,2,90000,1235.8,2.8,3d9dfd7010c3,4592,144,354502520
k1,icem,lewm_k1_cube_s3072/weights_epoch_10.pt,T1,300,30,30,47,0,50,2,90000,1185.4,2.76,3d9dfd7010c3,4620,27,765272093
k1,icem,lewm_k1_cube_s3072/weights_epoch_10.pt,T1,300,30,30,48,1,1,1,45000,1171.6,1.18,3d9dfd7010c3,4669,86,1979592779
k1,icem,lewm_k1_cube_s3072/weights_epoch_10.pt,T1,300,30,30,49,0,50,2,90000,1205.5,2.82,3d9dfd7010c3,4735,142,1296193326
k1,icem,lewm_k1_cube_s3072/weights_epoch_10.pt,T1,300,30,30,50,0,50,2,90000,1198.3,2.77,3d9dfd7010c3,4744,13,220868884
k1,icem,lewm_k1_cube_s3072/weights_epoch_10.pt,T1,300,30,30,51,0,50,2,90000,1202.4,2.78,3d9dfd7010c3,4839,20,899044977
k1,icem,lewm_k1_cube_s3072/weights_epoch_10.pt,T1,300,30,30,52,1,1,1,45000,1214.1,1.22,3d9dfd7010c3,4972,165,656669087
k1,icem,lewm_k1_cube_s3072/weights_epoch_10.pt,T1,300,30,30,53,0,50,2,90000,1215.8,2.8,3d9dfd7010c3,4978,48,530554618
k1,icem,lewm_k1_cube_s3072/weights_epoch_10.pt,T1,300,30,30,54,0,50,2,90000,1177.9,2.72,3d9dfd7010c3,5006,10,38315587
k1,icem,lewm_k1_cube_s3072/weights_epoch_10.pt,T1,300,30,30,55,0,50,2,90000,1187.7,2.75,3d9dfd7010c3,5164,97,989118758
k1,icem,lewm_k1_cube_s3072/weights_epoch_10.pt,T1,300,30,30,56,1,1,1,45000,1174.0,1.18,3d9dfd7010c3,5381,92,675376840
k1,icem,lewm_k1_cube_s3072/weights_epoch_10.pt,T1,300,30,30,57,1,20,1,45000,1177.2,1.35,3d9dfd7010c3,5382,129,285018541
k1,icem,lewm_k1_cube_s3072/weights_epoch_10.pt,T1,300,30,30,58,1,1,1,45000,1165.3,1.18,3d9dfd7010c3,5601,66,1218320891
k1,icem,lewm_k1_cube_s3072/weights_epoch_10.pt,T1,300,30,30,59,0,50,2,90000,1187.5,2.75,3d9dfd7010c3,5621,105,1881308830
k1,icem,lewm_k1_cube_s3072/weights_epoch_10.pt,T1,300,30,30,60,1,18,1,45000,1196.9,1.35,3d9dfd7010c3,5862,116,1250577348
k1,icem,lewm_k1_cube_s3072/weights_epoch_10.pt,T1,300,30,30,61,1,7,1,45000,1196.8,1.26,3d9dfd7010c3,5908,61,1916152993
k1,icem,lewm_k1_cube_s3072/weights_epoch_10.pt,T1,300,30,30,62,1,1,1,45000,1210.5,1.22,3d9dfd7010c3,6100,68,1619231567
k1,icem,lewm_k1_cube_s3072/weights_epoch_10.pt,T1,300,30,30,63,1,1,1,45000,1300.9,1.31,3d9dfd7010c3,6195,168,1480582186
k1,icem,lewm_k1_cube_s3072/weights_epoch_10.pt,T1,300,30,30,64,0,50,2,90000,1175.0,2.72,3d9dfd7010c3,6328,9,1172888723
k1,icem,lewm_k1_cube_s3072/weights_epoch_10.pt,T1,300,30,30,65,1,1,1,45000,1179.4,1.19,3d9dfd7010c3,6449,1,2102705142
k1,icem,lewm_k1_cube_s3072/weights_epoch_10.pt,T1,300,30,30,66,0,50,2,90000,1244.8,2.86,3d9dfd7010c3,6459,13,1877021720
k1,icem,lewm_k1_cube_s3072/weights_epoch_10.pt,T1,300,30,30,67,1,20,1,45000,1187.3,1.36,3d9dfd7010c3,6566,114,1465742205
k1,icem,lewm_k1_cube_s3072/weights_epoch_10.pt,T1,300,30,30,68,0,50,2,90000,1197.3,2.78,3d9dfd7010c3,6921,17,255746859
k1,icem,lewm_k1_cube_s3072/weights_epoch_10.pt,T1,300,30,30,69,1,1,1,45000,1248.5,1.26,3d9dfd7010c3,6929,81,931267662
k1,icem,lewm_k1_cube_s3072/weights_epoch_10.pt,T1,300,30,30,70,1,1,1,45000,1288.3,1.3,3d9dfd7010c3,6977,156,2011849332
k1,icem,lewm_k1_cube_s3072/weights_epoch_10.pt,T1,300,30,30,71,1,15,1,45000,1238.7,1.37,3d9dfd7010c3,6979,58,1331037457
k1,icem,lewm_k1_cube_s3072/weights_epoch_10.pt,T1,300,30,30,72,1,1,1,45000,1200.4,1.21,3d9dfd7010c3,7034,161,1575201535
k1,icem,lewm_k1_cube_s3072/weights_epoch_10.pt,T1,300,30,30,73,1,28,2,90000,1216.9,2.68,3d9dfd7010c3,7050,53,1700777370
k1,icem,lewm_k1_cube_s3072/weights_epoch_10.pt,T1,300,30,30,74,1,1,1,45000,1179.7,1.19,3d9dfd7010c3,7140,4,2022241571
k1,icem,lewm_k1_cube_s3072/weights_epoch_10.pt,T1,300,30,30,75,0,50,2,90000,1187.6,2.74,3d9dfd7010c3,7150,22,1077187142
k1,icem,lewm_k1_cube_s3072/weights_epoch_10.pt,T1,300,30,30,76,1,1,1,45000,1192.1,1.2,3d9dfd7010c3,7272,95,1384201640
k1,icem,lewm_k1_cube_s3072/weights_epoch_10.pt,T1,300,30,30,77,1,14,1,45000,1176.1,1.3,3d9dfd7010c3,7292,127,1782405837
k1,icem,lewm_k1_cube_s3072/weights_epoch_10.pt,T1,300,30,30,78,1,1,1,45000,1199.0,1.21,3d9dfd7010c3,7351,90,845040283
k1,icem,lewm_k1_cube_s3072/weights_epoch_10.pt,T1,300,30,30,79,1,1,1,45000,1205.4,1.22,3d9dfd7010c3,7538,88,182595070
k1,icem,lewm_k1_cube_s3072/weights_epoch_10.pt,T1,300,30,30,80,1,1,1,45000,1287.2,1.3,3d9dfd7010c3,7558,71,1975186853
k1,icem,lewm_k1_cube_s3072/weights_epoch_10.pt,T1,300,30,30,81,1,1,1,45000,1177.3,1.19,3d9dfd7010c3,7630,0,1292276416
k1,icem,lewm_k1_cube_s3072/weights_epoch_10.pt,T1,300,30,30,82,1,21,1,45000,1163.7,1.35,3d9dfd7010c3,7650,136,1605582126
k1,icem,lewm_k1_cube_s3072/weights_epoch_10.pt,T1,300,30,30,83,0,50,2,90000,1190.4,2.75,3d9dfd7010c3,7692,15,1729059403
k1,icem,lewm_k1_cube_s3072/weights_epoch_10.pt,T1,300,30,30,84,1,1,1,45000,1191.8,1.2,3d9dfd7010c3,7983,2,2061001458
k1,icem,lewm_k1_cube_s3072/weights_epoch_10.pt,T1,300,30,30,85,1,20,1,45000,1170.2,1.34,3d9dfd7010c3,8241,118,1113851287
k1,icem,lewm_k1_cube_s3072/weights_epoch_10.pt,T1,300,30,30,86,1,12,1,45000,1184.3,1.28,3d9dfd7010c3,8246,56,1355917945
k1,icem,lewm_k1_cube_s3072/weights_epoch_10.pt,T1,300,30,30,87,1,1,1,45000,1177.8,1.19,3d9dfd7010c3,8252,159,1752026396
k1,icem,lewm_k1_cube_s3072/weights_epoch_10.pt,T1,300,30,30,88,1,22,1,45000,1216.6,1.4,3d9dfd7010c3,8385,31,806280522
k1,icem,lewm_k1_cube_s3072/weights_epoch_10.pt,T1,300,30,30,89,1,1,1,45000,1180.5,1.19,3d9dfd7010c3,8605,85,145930799
k1,icem,lewm_k1_cube_s3072/weights_epoch_10.pt,T1,300,30,30,90,1,18,1,45000,1217.2,1.39,3d9dfd7010c3,8632,30,1222302741
k1,icem,lewm_k1_cube_s3072/weights_epoch_10.pt,T1,300,30,30,91,1,1,1,45000,1201.5,1.21,3d9dfd7010c3,8694,157,1885780848
k1,icem,lewm_k1_cube_s3072/weights_epoch_10.pt,T1,300,30,30,92,1,21,1,45000,1196.9,1.38,3d9dfd7010c3,8701,135,1658000542
k1,icem,lewm_k1_cube_s3072/weights_epoch_10.pt,T1,300,30,30,93,0,50,2,90000,1198.2,2.77,3d9dfd7010c3,8823,38,1517253627
k1,icem,lewm_k1_cube_s3072/weights_epoch_10.pt,T1,300,30,30,94,1,1,1,45000,1209.4,1.22,3d9dfd7010c3,8941,7,1203260226
k1,icem,lewm_k1_cube_s3072/weights_epoch_10.pt,T1,300,30,30,95,1,1,1,45000,1218.3,1.23,3d9dfd7010c3,9507,87,2130979879
k1,icem,lewm_k1_cube_s3072/weights_epoch_10.pt,T1,300,30,30,96,1,1,1,45000,1222.6,1.23,3d9dfd7010c3,9716,2,1840350153
k1,icem,lewm_k1_cube_s3072/weights_epoch_10.pt,T1,300,30,30,97,1,1,1,45000,1174.8,1.18,3d9dfd7010c3,9734,91,1426973868
k1,icem,lewm_k1_cube_s3072/weights_epoch_10.pt,T1,300,30,30,98,1,18,1,45000,1183.5,1.34,3d9dfd7010c3,9735,131,225375482
k1,icem,lewm_k1_cube_s3072/weights_epoch_10.pt,T1,300,30,30,99,1,1,1,45000,1187.0,1.2,3d9dfd7010c3,9797,94,902992799
k1,icem,lewm_k1_cube_s3072/weights_epoch_10.pt,T2,150,15,15,0,0,50,2,22500,599.5,1.59,3d9dfd7010c3,273,33,444890969
k1,icem,lewm_k1_cube_s3072/weights_epoch_10.pt,T2,150,15,15,1,1,1,1,11250,597.6,0.61,3d9dfd7010c3,390,153,574101564
k1,icem,lewm_k1_cube_s3072/weights_epoch_10.pt,T2,150,15,15,2,0,50,2,22500,601.8,1.58,3d9dfd7010c3,428,100,814594002
k1,icem,lewm_k1_cube_s3072/weights_epoch_10.pt,T2,150,15,15,3,0,50,2,22500,610.6,1.59,3d9dfd7010c3,465,21,137482423
k1,icem,lewm_k1_cube_s3072/weights_epoch_10.pt,T2,150,15,15,4,0,50,2,22500,593.8,1.56,3d9dfd7010c3,604,100,367454222
k1,icem,lewm_k1_cube_s3072/weights_epoch_10.pt,T2,150,15,15,5,1,29,2,22500,594.5,1.42,3d9dfd7010c3,662,140,760909675
k1,icem,lewm_k1_cube_s3072/weights_epoch_10.pt,T2,150,15,15,6,0,50,2,22500,602.2,1.58,3d9dfd7010c3,1052,9,1072636037
k1,icem,lewm_k1_cube_s3072/weights_epoch_10.pt,T2,150,15,15,7,1,1,1,11250,608.9,0.62,3d9dfd7010c3,1113,85,122898400
k1,icem,lewm_k1_cube_s3072/weights_epoch_10.pt,T2,150,15,15,8,1,1,1,11250,644.8,0.65,3d9dfd7010c3,1212,2,1597003702
k1,icem,lewm_k1_cube_s3072/weights_epoch_10.pt,T2,150,15,15,9,0,50,2,22500,614.7,1.61,3d9dfd7010c3,1254,9,1737240787
k1,icem,lewm_k1_cube_s3072/weights_epoch_10.pt,T2,150,15,15,10,0,50,2,22500,602.2,1.61,3d9dfd7010c3,1328,140,1638123118
k1,icem,lewm_k1_cube_s3072/weights_epoch_10.pt,T2,150,15,15,11,0,50,2,22500,603.8,1.58,3d9dfd7010c3,1413,7,1495245067
k1,icem,lewm_k1_cube_s3072/weights_epoch_10.pt,T2,150,15,15,12,1,20,1,11250,632.4,0.81,3d9dfd7010c3,1737,123,1269436133
k1,icem,lewm_k1_cube_s3072/weights_epoch_10.pt,T2,150,15,15,13,1,1,1,11250,605.6,0.62,3d9dfd7010c3,1792,173,1930848640
k1,icem,lewm_k1_cube_s3072/weights_epoch_10.pt,T2,150,15,15,14,1,1,1,11250,604.1,0.62,3d9dfd7010c3,1821,157,1858163001
k1,icem,lewm_k1_cube_s3072/weights_epoch_10.pt,T2,150,15,15,15,1,50,2,22500,603.6,1.64,3d9dfd7010c3,1856,44,1451046492
k1,icem,lewm_k1_cube_s3072/weights_epoch_10.pt,T2,150,15,15,16,1,1,1,11250,616.1,0.63,3d9dfd7010c3,1899,155,1153997234
k1,icem,lewm_k1_cube_s3072/weights_epoch_10.pt,T2,150,15,15,17,0,50,2,22500,604.8,1.58,3d9dfd7010c3,1902,102,2088042199
k1,icem,lewm_k1_cube_s3072/weights_epoch_10.pt,T2,150,15,15,18,1,1,1,11250,606.5,0.62,3d9dfd7010c3,2099,160,605548161
k1,icem,lewm_k1_cube_s3072/weights_epoch_10.pt,T2,150,15,15,19,1,24,1,11250,606.8,0.82,3d9dfd7010c3,2160,135,481004004
k1,icem,lewm_k1_cube_s3072/weights_epoch_10.pt,T2,150,15,15,20,1,1,1,11250,601.9,0.61,3d9dfd7010c3,2191,7,637779134
k1,icem,lewm_k1_cube_s3072/weights_epoch_10.pt,T2,150,15,15,21,0,50,2,22500,611.1,1.6,3d9dfd7010c3,2521,12,515890139
k1,icem,lewm_k1_cube_s3072/weights_epoch_10.pt,T2,150,15,15,22,0,50,2,22500,606.3,1.59,3d9dfd7010c3,2651,103,202011701
k1,icem,lewm_k1_cube_s3072/weights_epoch_10.pt,T2,150,15,15,23,1,1,1,11250,600.2,0.61,3d9dfd7010c3,2653,69,884347728
k1,icem,lewm_k1_cube_s3072/weights_epoch_10.pt,T2,150,15,15,24,1,1,1,11250,607.9,0.62,3d9dfd7010c3,2658,154,694234089
k1,icem,lewm_k1_cube_s3072/weights_epoch_10.pt,T2,150,15,15,25,1,42,2,22500,606.3,1.56,3d9dfd7010c3,2835,140,299715724
k1,icem,lewm_k1_cube_s3072/weights_epoch_10.pt,T2,150,15,15,26,1,20,1,11250,601.6,0.78,3d9dfd7010c3,2962,42,57205602
k1,icem,lewm_k1_cube_s3072/weights_epoch_10.pt,T2,150,15,15,27,1,1,1,11250,607.4,0.62,3d9dfd7010c3,2968,169,1003783175
k1,icem,lewm_k1_cube_s3072/weights_epoch_10.pt,T2,150,15,15,28,0,50,2,22500,612.7,1.61,3d9dfd7010c3,3064,17,1672975441
k1,icem,lewm_k1_cube_s3072/weights_epoch_10.pt,T2,150,15,15,29,1,19,1,11250,592.7,0.75,3d9dfd7010c3,3197,128,1527509812
k1,icem,lewm_k1_cube_s3072/weights_epoch_10.pt,T2,150,15,15,30,1,42,2,22500,606.4,1.57,3d9dfd7010c3,3204,29,459511054
k1,icem,lewm_k1_cube_s3072/weights_epoch_10.pt,T2,150,15,15,31,0,50,2,22500,617.4,1.62,3d9dfd7010c3,3413,148,601879147
k1,icem,lewm_k1_cube_s3072/weights_epoch_10.pt,T2,150,15,15,32,1,1,1,11250,598.3,0.61,3d9dfd7010c3,3518,6,829054341
k1,icem,lewm_k1_cube_s3072/weights_epoch_10.pt,T2,150,15,15,33,1,1,1,11250,650.2,0.66,3d9dfd7010c3,3522,174,165034720
k1,icem,lewm_k1_cube_s3072/weights_epoch_10.pt,T2,150,15,15,34,1,24,1,11250,595.4,0.78,3d9dfd7010c3,3525,110,335610457
k1,icem,lewm_k1_cube_s3072/weights_epoch_10.pt,T2,150,15,15,35,1,1,1,11250,609.1,0.62,3d9dfd7010c3,3661,6,750609724
k1,icem,lewm_k1_cube_s3072/weights_epoch_10.pt,T2,150,15,15,36,1,10,1,11250,592.3,0.67,3d9dfd7010c3,3708,61,1040763602
k1,icem,lewm_k1_cube_s3072/weights_epoch_10.pt,T2,150,15,15,37,1,17,1,11250,601.4,0.75,3d9dfd7010c3,3728,129,112504247
k1,icem,lewm_k1_cube_s3072/weights_epoch_10.pt,T2,150,15,15,38,1,21,1,11250,609.5,0.8,3d9dfd7010c3,3738,116,1591197153
k1,icem,lewm_k1_cube_s3072/weights_epoch_10.pt,T2,150,15,15,39,1,1,1,11250,606.6,0.62,3d9dfd7010c3,3750,87,1718344324
k1,icem,lewm_k1_cube_s3072/weights_epoch_10.pt,T2,150,15,15,40,1,1,1,11250,603.1,0.61,3d9dfd7010c3,3758,150,692275486
k1,icem,lewm_k1_cube_s3072/weights_epoch_10.pt,T2,150,15,15,41,0,50,2,22500,605.6,1.58,3d9dfd7010c3,3784,49,301936251
k1,icem,lewm_k1_cube_s3072/weights_epoch_10.pt,T2,150,15,15,42,1,14,1,11250,597.6,0.71,3d9dfd7010c3,3984,57,55214485
k1,icem,lewm_k1_cube_s3072/weights_epoch_10.pt,T2,150,15,15,43,0,50,2,22500,590.0,1.55,3d9dfd7010c3,3988,22,1006036720
k1,icem,lewm_k1_cube_s3072/weights_epoch_10.pt,T2,150,15,15,44,1,1,1,11250,591.5,0.6,3d9dfd7010c3,4128,122,639753801
k1,icem,lewm_k1_cube_s3072/weights_epoch_10.pt,T2,150,15,15,45,1,1,1,11250,597.1,0.61,3d9dfd7010c3,4558,156,513653036
k1,icem,lewm_k1_cube_s3072/weights_epoch_10.pt,T2,150,15,15,46,1,18,1,11250,600.3,0.74,3d9dfd7010c3,4592,144,203953858
k1,icem,lewm_k1_cube_s3072/weights_epoch_10.pt,T2,150,15,15,47,0,50,2,22500,603.3,1.64,3d9dfd7010c3,4620,27,882143655
k1,icem,lewm_k1_cube_s3072/weights_epoch_10.pt,T2,150,15,15,48,1,1,1,11250,603.8,0.61,3d9dfd7010c3,4669,86,1828151793
k1,icem,lewm_k1_cube_s3072/weights_epoch_10.pt,T2,150,15,15,49,0,50,2,22500,606.9,1.63,3d9dfd7010c3,4735,142,1414203028
k1,icem,lewm_k1_cube_s3072/weights_epoch_10.pt,T2,150,15,15,50,0,50,2,22500,613.8,1.59,3d9dfd7010c3,4744,13,337862830
k1,icem,lewm_k1_cube_s3072/weights_epoch_10.pt,T2,150,15,15,51,0,50,2,22500,591.1,1.55,3d9dfd7010c3,4839,20,748619723
k1,icem,lewm_k1_cube_s3072/weights_epoch_10.pt,T2,150,15,15,52,1,1,1,11250,659.8,0.67,3d9dfd7010c3,4972,165,1042982949
k1,icem,lewm_k1_cube_s3072/weights_epoch_10.pt,T2,150,15,15,53,0,50,2,22500,589.0,1.59,3d9dfd7010c3,4978,48,110546752
k1,icem,lewm_k1_cube_s3072/weights_epoch_10.pt,T2,150,15,15,54,0,50,2,22500,590.2,1.55,3d9dfd7010c3,5006,10,457308153
k1,icem,lewm_k1_cube_s3072/weights_epoch_10.pt,T2,150,15,15,55,0,50,2,22500,614.6,1.61,3d9dfd7010c3,5164,97,603820188
k1,icem,lewm_k1_cube_s3072/weights_epoch_10.pt,T2,150,15,15,56,1,1,1,11250,591.0,0.6,3d9dfd7010c3,5381,92,826818418
k1,icem,lewm_k1_cube_s3072/weights_epoch_10.pt,T2,150,15,15,57,1,21,1,11250,599.4,0.78,3d9dfd7010c3,5382,129,167008279
k1,icem,lewm_k1_cube_s3072/weights_epoch_10.pt,T2,150,15,15,58,1,1,1,11250,596.2,0.61,3d9dfd7010c3,5601,66,1368868929
k1,icem,lewm_k1_cube_s3072/weights_epoch_10.pt,T2,150,15,15,59,0,50,2,22500,634.9,1.65,3d9dfd7010c3,5621,105,1764437796
k1,icem,lewm_k1_cube_s3072/weights_epoch_10.pt,T2,150,15,15,60,1,20,1,11250,597.6,0.77,3d9dfd7010c3,5862,116,1401100926
k1,icem,lewm_k1_cube_s3072/weights_epoch_10.pt,T2,150,15,15,61,1,10,1,11250,607.3,0.69,3d9dfd7010c3,5908,61,1799322907
k1,icem,lewm_k1_cube_s3072/weights_epoch_10.pt,T2,150,15,15,62,1,1,1,11250,613.4,0.63,3d9dfd7010c3,6100,68,2039141109
k1,icem,lewm_k1_cube_s3072/weights_epoch_10.pt,T2,150,15,15,63,1,1,1,11250,600.2,0.61,3d9dfd7010c3,6195,168,1094104464
k1,icem,lewm_k1_cube_s3072/weights_epoch_10.pt,T2,150,15,15,64,0,50,2,22500,603.3,1.58,3d9dfd7010c3,6328,9,1558285609
k1,icem,lewm_k1_cube_s3072/weights_epoch_10.pt,T2,150,15,15,65,1,1,1,11250,596.6,0.61,3d9dfd7010c3,6449,1,1683876428
k1,icem,lewm_k1_cube_s3072/weights_epoch_10.pt,T2,150,15,15,66,0,50,2,22500,594.4,1.56,3d9dfd7010c3,6459,13,1994933666
k1,icem,lewm_k1_cube_s3072/weights_epoch_10.pt,T2,150,15,15,67,1,20,1,11250,596.4,0.77,3d9dfd7010c3,6566,114,1314136775
k1,icem,lewm_k1_cube_s3072/weights_epoch_10.pt,T2,150,15,15,68,0,50,2,22500,596.5,1.57,3d9dfd7010c3,6921,17,372716177
k1,icem,lewm_k1_cube_s3072/weights_epoch_10.pt,T2,150,15,15,69,1,1,1,11250,596.0,0.61,3d9dfd7010c3,6929,81,780883444
k1,icem,lewm_k1_cube_s3072/weights_epoch_10.pt,T2,150,15,15,70,1,1,1,11250,598.2,0.61,3d9dfd7010c3,6977,156,1860383694
k1,icem,lewm_k1_cube_s3072/weights_epoch_10.pt,T2,150,15,15,71,1,24,1,11250,600.0,0.79,3d9dfd7010c3,6979,58,1449088171
k1,icem,lewm_k1_cube_s3072/weights_epoch_10.pt,T2,150,15,15,72,1,1,1,11250,663.6,0.67,3d9dfd7010c3,7034,161,1156250437
k1,icem,lewm_k1_cube_s3072/weights_epoch_10.pt,T2,150,15,15,73,1,24,1,11250,604.2,0.81,3d9dfd7010c3,7050,53,2086050848
k1,icem,lewm_k1_cube_s3072/weights_epoch_10.pt,T2,150,15,15,74,1,1,1,11250,599.8,0.61,3d9dfd7010c3,7140,4,1635886233
k1,icem,lewm_k1_cube_s3072/weights_epoch_10.pt,T2,150,15,15,75,0,50,2,22500,598.4,1.57,3d9dfd7010c3,7150,22,1497220092
k1,icem,lewm_k1_cube_s3072/weights_epoch_10.pt,T2,150,15,15,76,1,1,1,11250,591.0,0.6,3d9dfd7010c3,7272,95,1267231762
k1,icem,lewm_k1_cube_s3072/weights_epoch_10.pt,T2,150,15,15,77,1,20,1,11250,594.5,0.76,3d9dfd7010c3,7292,127,1932790647
k1,icem,lewm_k1_cube_s3072/weights_epoch_10.pt,T2,150,15,15,78,1,1,1,11250,596.2,0.61,3d9dfd7010c3,7351,90,727128865
k1,icem,lewm_k1_cube_s3072/weights_epoch_10.pt,T2,150,15,15,79,1,1,1,11250,616.0,0.63,3d9dfd7010c3,7538,88,334199876
k1,icem,lewm_k1_cube_s3072/weights_epoch_10.pt,T2,150,15,15,80,1,1,1,11250,620.7,0.63,3d9dfd7010c3,7558,71,1823712287
k1,icem,lewm_k1_cube_s3072/weights_epoch_10.pt,T2,150,15,15,81,1,1,1,11250,675.7,0.69,3d9dfd7010c3,7630,0,1410319226
k1,icem,lewm_k1_cube_s3072/weights_epoch_10.pt,T2,150,15,15,82,1,21,1,11250,604.9,0.79,3d9dfd7010c3,7650,136,1186622612
k1,icem,lewm_k1_cube_s3072/weights_epoch_10.pt,T2,150,15,15,83,0,50,2,22500,597.4,1.56,3d9dfd7010c3,7692,15,2114325489
k1,icem,lewm_k1_cube_s3072/weights_epoch_10.pt,T2,150,15,15,84,1,1,1,11250,588.4,0.6,3d9dfd7010c3,7983,2,1674654536
k1,icem,lewm_k1_cube_s3072/weights_epoch_10.pt,T2,150,15,15,85,1,18,1,11250,589.6,0.74,3d9dfd7010c3,8241,118,1533891629
k1,icem,lewm_k1_cube_s3072/weights_epoch_10.pt,T2,150,15,15,86,1,19,1,11250,624.8,0.78,3d9dfd7010c3,8246,56,1238956995
k1,icem,lewm_k1_cube_s3072/weights_epoch_10.pt,T2,150,15,15,87,1,1,1,11250,632.6,0.64,3d9dfd7010c3,8252,159,1902419110
k1,icem,lewm_k1_cube_s3072/weights_epoch_10.pt,T2,150,15,15,88,1,23,1,11250,615.8,0.81,3d9dfd7010c3,8385,31,688360688
k1,icem,lewm_k1_cube_s3072/weights_epoch_10.pt,T2,150,15,15,89,1,1,1,11250,615.3,0.63,3d9dfd7010c3,8605,85,297528213
k1,icem,lewm_k1_cube_s3072/weights_epoch_10.pt,T2,150,15,15,90,1,19,1,11250,623.1,0.79,3d9dfd7010c3,8632,30,1372818863
k1,icem,lewm_k1_cube_s3072/weights_epoch_10.pt,T2,150,15,15,91,1,1,1,11250,629.2,0.64,3d9dfd7010c3,8694,157,1768942282
k1,icem,lewm_k1_cube_s3072/weights_epoch_10.pt,T2,150,15,15,92,1,20,1,11250,637.4,0.82,3d9dfd7010c3,8701,135,2077902116
k1,icem,lewm_k1_cube_s3072/weights_epoch_10.pt,T2,150,15,15,93,0,50,2,22500,599.7,1.62,3d9dfd7010c3,8823,38,1130766913
k1,icem,lewm_k1_cube_s3072/weights_epoch_10.pt,T2,150,15,15,94,1,1,1,11250,611.0,0.62,3d9dfd7010c3,8941,7,1588665080
k1,icem,lewm_k1_cube_s3072/weights_epoch_10.pt,T2,150,15,15,95,1,1,1,11250,680.0,0.69,3d9dfd7010c3,9507,87,1712160157
k1,icem,lewm_k1_cube_s3072/weights_epoch_10.pt,T2,150,15,15,96,1,1,1,11250,608.3,0.62,3d9dfd7010c3,9716,2,1958269555
k1,icem,lewm_k1_cube_s3072/weights_epoch_10.pt,T2,150,15,15,97,1,1,1,11250,609.2,0.62,3d9dfd7010c3,9734,91,1275376918
k1,icem,lewm_k1_cube_s3072/weights_epoch_10.pt,T2,150,15,15,98,1,18,1,11250,588.4,0.74,3d9dfd7010c3,9735,131,342336832
k1,icem,lewm_k1_cube_s3072/weights_epoch_10.pt,T2,150,15,15,99,1,1,1,11250,631.2,0.64,3d9dfd7010c3,9797,94,752599589
k1,icem,lewm_k1_cube_s3072/weights_epoch_10.pt,T3,50,10,5,0,0,50,2,5000,421.1,1.26,3d9dfd7010c3,273,33,1837322191
k1,icem,lewm_k1_cube_s3072/weights_epoch_10.pt,T3,50,10,5,1,1,1,1,2500,433.9,0.45,3d9dfd7010c3,390,153,1430202538
k1,icem,lewm_k1_cube_s3072/weights_epoch_10.pt,T3,50,10,5,2,0,50,2,5000,401.9,1.18,3d9dfd7010c3,428,100,1200260932
k1,icem,lewm_k1_cube_s3072/weights_epoch_10.pt,T3,50,10,5,3,0,50,2,5000,402.2,1.18,3d9dfd7010c3,465,21,2134302753
k1,icem,lewm_k1_cube_s3072/weights_epoch_10.pt,T3,50,10,5,4,0,50,2,5000,395.0,1.17,3d9dfd7010c3,604,100,1658968216
k1,icem,lewm_k1_cube_s3072/weights_epoch_10.pt,T3,50,10,5,5,1,19,1,2500,401.5,0.56,3d9dfd7010c3,662,140,1516093437
k1,icem,lewm_k1_cube_s3072/weights_epoch_10.pt,T3,50,10,5,6,0,50,2,5000,401.1,1.18,3d9dfd7010c3,1052,9,1223168019
k1,icem,lewm_k1_cube_s3072/weights_epoch_10.pt,T3,50,10,5,7,1,1,1,2500,404.9,0.41,3d9dfd7010c3,1113,85,1884583798
k1,icem,lewm_k1_cube_s3072/weights_epoch_10.pt,T3,50,10,5,8,1,1,1,2500,405.3,0.42,3d9dfd7010c3,1212,2,674719520
k1,icem,lewm_k1_cube_s3072/weights_epoch_10.pt,T3,50,10,5,9,0,50,2,5000,407.4,1.2,3d9dfd7010c3,1254,9,277545029
k1,icem,lewm_k1_cube_s3072/weights_epoch_10.pt,T3,50,10,5,10,1,5,1,2500,406.6,0.45,3d9dfd7010c3,1328,140,379909880
k1,icem,lewm_k1_cube_s3072/weights_epoch_10.pt,T3,50,10,5,11,0,50,2,5000,401.8,1.18,3d9dfd7010c3,1413,7,773362077
k1,icem,lewm_k1_cube_s3072/weights_epoch_10.pt,T3,50,10,5,12,1,12,1,2500,398.1,0.51,3d9dfd7010c3,1737,123,1017986675
k1,icem,lewm_k1_cube_s3072/weights_epoch_10.pt,T3,50,10,5,13,1,1,1,2500,400.9,0.41,3d9dfd7010c3,1792,173,68245782
k1,icem,lewm_k1_cube_s3072/weights_epoch_10.pt,T3,50,10,5,14,1,1,1,2500,405.3,0.42,3d9dfd7010c3,1821,157,432431535
k1,icem,lewm_k1_cube_s3072/weights_epoch_10.pt,T3,50,10,5,15,1,43,2,5000,409.6,1.2,3d9dfd7010c3,1856,44,561645258
k1,icem,lewm_k1_cube_s3072/weights_epoch_10.pt,T3,50,10,5,16,1,1,1,2500,414.7,0.43,3d9dfd7010c3,1899,155,869247268
k1,icem,lewm_k1_cube_s3072/weights_epoch_10.pt,T3,50,10,5,17,0,50,2,5000,420.9,1.23,3d9dfd7010c3,1902,102,192138817
k1,icem,lewm_k1_cube_s3072/weights_epoch_10.pt,T3,50,10,5,18,1,1,1,2500,411.0,0.42,3d9dfd7010c3,2099,160,1393614359
k1,icem,lewm_k1_cube_s3072/weights_epoch_10.pt,T3,50,10,5,19,1,26,2,5000,403.1,1.04,3d9dfd7010c3,2160,135,1806481778
k1,icem,lewm_k1_cube_s3072/weights_epoch_10.pt,T3,50,10,5,20,1,1,1,2500,401.4,0.41,3d9dfd7010c3,2191,7,1359252520
k1,icem,lewm_k1_cube_s3072/weights_epoch_10.pt,T3,50,10,5,21,0,50,2,5000,433.2,1.25,3d9dfd7010c3,2521,12,1773726541
k1,icem,lewm_k1_cube_s3072/weights_epoch_10.pt,T3,50,10,5,22,0,50,2,5000,403.3,1.19,3d9dfd7010c3,2651,103,2064467107
k1,icem,lewm_k1_cube_s3072/weights_epoch_10.pt,T3,50,10,5,23,1,1,1,2500,404.3,0.42,3d9dfd7010c3,2653,69,1135682502
k1,icem,lewm_k1_cube_s3072/weights_epoch_10.pt,T3,50,10,5,24,1,1,1,2500,404.8,0.42,3d9dfd7010c3,2658,154,1583750015
k1,icem,lewm_k1_cube_s3072/weights_epoch_10.pt,T3,50,10,5,25,1,38,2,5000,404.8,1.12,3d9dfd7010c3,2835,140,1725594650
k1,icem,lewm_k1_cube_s3072/weights_epoch_10.pt,T3,50,10,5,26,1,19,1,2500,405.4,0.57,3d9dfd7010c3,2962,42,1953485812
k1,icem,lewm_k1_cube_s3072/weights_epoch_10.pt,T3,50,10,5,27,1,1,1,2500,431.1,0.44,3d9dfd7010c3,2968,169,1288942737
k1,icem,lewm_k1_cube_s3072/weights_epoch_10.pt,T3,50,10,5,28,0,50,2,5000,392.8,1.18,3d9dfd7010c3,3064,17,347120839
k1,icem,lewm_k1_cube_s3072/weights_epoch_10.pt,T3,50,10,5,29,1,20,1,2500,477.6,0.65,3d9dfd7010c3,3197,128,739034018
k1,icem,lewm_k1_cube_s3072/weights_epoch_10.pt,T3,50,10,5,30,0,50,2,5000,409.5,1.24,3d9dfd7010c3,3204,29,1818535320
k1,icem,lewm_k1_cube_s3072/weights_epoch_10.pt,T3,50,10,5,31,1,1,1,2500,395.8,0.41,3d9dfd7010c3,3413,148,1423491837
k1,icem,lewm_k1_cube_s3072/weights_epoch_10.pt,T3,50,10,5,32,1,1,1,2500,406.6,0.42,3d9dfd7010c3,3518,6,1181576467
k1,icem,lewm_k1_cube_s3072/weights_epoch_10.pt,T3,50,10,5,33,1,1,1,2500,404.3,0.41,3d9dfd7010c3,3522,174,2127628918
k1,icem,lewm_k1_cube_s3072/weights_epoch_10.pt,T3,50,10,5,34,1,24,1,2500,402.5,0.58,3d9dfd7010c3,3525,110,1661350607
k1,icem,lewm_k1_cube_s3072/weights_epoch_10.pt,T3,50,10,5,35,1,1,1,2500,417.0,0.43,3d9dfd7010c3,3661,6,1538938282
k1,icem,lewm_k1_cube_s3072/weights_epoch_10.pt,T3,50,10,5,36,1,5,1,2500,438.5,0.48,3d9dfd7010c3,3708,61,1225783876
k1,icem,lewm_k1_cube_s3072/weights_epoch_10.pt,T3,50,10,5,37,1,18,1,2500,402.5,0.56,3d9dfd7010c3,3728,129,1907596577
k1,icem,lewm_k1_cube_s3072/weights_epoch_10.pt,T3,50,10,5,38,1,22,1,2500,397.3,0.59,3d9dfd7010c3,3738,116,701533559
k1,icem,lewm_k1_cube_s3072/weights_epoch_10.pt,T3,50,10,5,39,1,1,1,2500,403.4,0.41,3d9dfd7010c3,3750,87,292350482
k1,icem,lewm_k1_cube_s3072/weights_epoch_10.pt,T3,50,10,5,40,1,1,1,2500,406.7,0.42,3d9dfd7010c3,3758,150,1581545864
k1,icem,lewm_k1_cube_s3072/weights_epoch_10.pt,T3,50,10,5,41,0,50,2,5000,397.8,1.18,3d9dfd7010c3,3784,49,1727536877
k1,icem,lewm_k1_cube_s3072/weights_epoch_10.pt,T3,50,10,5,42,1,5,1,2500,404.1,0.45,3d9dfd7010c3,3984,57,1951248643
k1,icem,lewm_k1_cube_s3072/weights_epoch_10.pt,T3,50,10,5,43,0,50,2,5000,398.3,1.17,3d9dfd7010c3,3988,22,1290917478
k1,icem,lewm_k1_cube_s3072/weights_epoch_10.pt,T3,50,10,5,44,1,4,1,2500,405.0,0.45,3d9dfd7010c3,4128,122,1361506015
k1,icem,lewm_k1_cube_s3072/weights_epoch_10.pt,T3,50,10,5,45,1,1,1,2500,406.5,0.42,3d9dfd7010c3,4558,156,1771735482
k1,icem,lewm_k1_cube_s3072/weights_epoch_10.pt,T3,50,10,5,46,1,11,1,2500,408.8,0.5,3d9dfd7010c3,4592,144,2066687572
k1,icem,lewm_k1_cube_s3072/weights_epoch_10.pt,T3,50,10,5,47,0,50,2,5000,416.1,1.27,3d9dfd7010c3,4620,27,1133723953
k1,icem,lewm_k1_cube_s3072/weights_epoch_10.pt,T3,50,10,5,48,1,1,1,2500,421.0,0.43,3d9dfd7010c3,4669,86,468734311
k1,icem,lewm_k1_cube_s3072/weights_epoch_10.pt,T3,50,10,5,49,1,14,1,2500,411.9,0.53,3d9dfd7010c3,4735,142,592197122
k1,icem,lewm_k1_cube_s3072/weights_epoch_10.pt,T3,50,10,5,50,0,50,2,5000,406.4,1.19,3d9dfd7010c3,4744,13,1663324216
k1,icem,lewm_k1_cube_s3072/weights_epoch_10.pt,T3,50,10,5,51,0,50,2,5000,415.0,1.21,3d9dfd7010c3,4839,20,1536702301
k1,icem,lewm_k1_cube_s3072/weights_epoch_10.pt,T3,50,10,5,52,1,1,1,2500,418.3,0.43,3d9dfd7010c3,4972,165,1227724979
k1,icem,lewm_k1_cube_s3072/weights_epoch_10.pt,T3,50,10,5,53,0,50,2,5000,402.6,1.26,3d9dfd7010c3,4978,48,1905393622
k1,icem,lewm_k1_cube_s3072/weights_epoch_10.pt,T3,50,10,5,54,0,50,2,5000,406.9,1.19,3d9dfd7010c3,5006,10,1816577903
k1,icem,lewm_k1_cube_s3072/weights_epoch_10.pt,T3,50,10,5,55,0,50,2,5000,398.6,1.17,3d9dfd7010c3,5164,97,1425711114
k1,icem,lewm_k1_cube_s3072/weights_epoch_10.pt,T3,50,10,5,56,1,1,1,2500,397.2,0.41,3d9dfd7010c3,5381,92,1179586532
k1,icem,lewm_k1_cube_s3072/weights_epoch_10.pt,T3,50,10,5,57,1,23,1,2500,416.4,0.62,3d9dfd7010c3,5382,129,2129881217
k1,icem,lewm_k1_cube_s3072/weights_epoch_10.pt,T3,50,10,5,58,1,1,1,2500,406.1,0.42,3d9dfd7010c3,5601,66,647002327
k1,icem,lewm_k1_cube_s3072/weights_epoch_10.pt,T3,50,10,5,59,0,50,2,5000,407.6,1.2,3d9dfd7010c3,5621,105,506208178
k1,icem,lewm_k1_cube_s3072/weights_epoch_10.pt,T3,50,10,5,60,1,24,1,2500,418.6,0.61,3d9dfd7010c3,5862,116,612641512
k1,icem,lewm_k1_cube_s3072/weights_epoch_10.pt,T3,50,10,5,61,1,9,1,2500,403.2,0.48,3d9dfd7010c3,5908,61,473451917
k1,icem,lewm_k1_cube_s3072/weights_epoch_10.pt,T3,50,10,5,62,1,1,1,2500,403.1,0.42,3d9dfd7010c3,6100,68,244179555
k1,icem,lewm_k1_cube_s3072/weights_epoch_10.pt,T3,50,10,5,63,1,1,1,2500,407.7,0.42,3d9dfd7010c3,6195,168,909214982
k1,icem,lewm_k1_cube_s3072/weights_epoch_10.pt,T3,50,10,5,64,0,50,2,5000,403.2,1.19,3d9dfd7010c3,6328,9,736542143
k1,icem,lewm_k1_cube_s3072/weights_epoch_10.pt,T3,50,10,5,65,1,1,1,2500,409.6,0.42,3d9dfd7010c3,6449,1,324721370
k1,icem,lewm_k1_cube_s3072/weights_epoch_10.pt,T3,50,10,5,66,0,50,2,5000,431.7,1.26,3d9dfd7010c3,6459,13,32470324
k1,icem,lewm_k1_cube_s3072/weights_epoch_10.pt,T3,50,10,5,67,1,22,1,2500,408.0,0.61,3d9dfd7010c3,6566,114,961745489
k1,icem,lewm_k1_cube_s3072/weights_epoch_10.pt,T3,50,10,5,68,0,50,2,5000,419.2,1.22,3d9dfd7010c3,6921,17,1630536199
k1,icem,lewm_k1_cube_s3072/weights_epoch_10.pt,T3,50,10,5,69,1,1,1,2500,393.9,0.4,3d9dfd7010c3,6929,81,1502373218
k1,icem,lewm_k1_cube_s3072/weights_epoch_10.pt,T3,50,10,5,70,1,1,1,2500,394.7,0.41,3d9dfd7010c3,6977,156,434373464
k1,icem,lewm_k1_cube_s3072/weights_epoch_10.pt,T3,50,10,5,71,1,15,1,2500,392.9,0.52,3d9dfd7010c3,6979,58,559440957
k1,icem,lewm_k1_cube_s3072/weights_epoch_10.pt,T3,50,10,5,72,1,1,1,2500,392.3,0.4,3d9dfd7010c3,7034,161,871222227
k1,icem,lewm_k1_cube_s3072/weights_epoch_10.pt,T3,50,10,5,73,1,25,1,2500,398.9,0.62,3d9dfd7010c3,7050,53,189902006
k1,icem,lewm_k1_cube_s3072/weights_epoch_10.pt,T3,50,10,5,74,1,1,1,2500,409.6,0.42,3d9dfd7010c3,7140,4,377918479
k1,icem,lewm_k1_cube_s3072/weights_epoch_10.pt,T3,50,10,5,75,0,50,2,5000,414.9,1.2,3d9dfd7010c3,7150,22,775615338
k1,icem,lewm_k1_cube_s3072/weights_epoch_10.pt,T3,50,10,5,76,1,1,1,2500,407.4,0.42,3d9dfd7010c3,7272,95,1016028292
k1,icem,lewm_k1_cube_s3072/weights_epoch_10.pt,T3,50,10,5,77,1,16,1,2500,401.9,0.54,3d9dfd7010c3,7292,127,70466529
k1,icem,lewm_k1_cube_s3072/weights_epoch_10.pt,T3,50,10,5,78,1,1,1,2500,403.8,0.41,3d9dfd7010c3,7351,90,1548757943
k1,icem,lewm_k1_cube_s3072/weights_epoch_10.pt,T3,50,10,5,79,1,1,1,2500,399.4,0.41,3d9dfd7010c3,7538,88,1693207762
k1,icem,lewm_k1_cube_s3072/weights_epoch_10.pt,T3,50,10,5,80,1,1,1,2500,394.1,0.4,3d9dfd7010c3,7558,71,464819337
k1,icem,lewm_k1_cube_s3072/weights_epoch_10.pt,T3,50,10,5,81,1,1,1,2500,393.4,0.4,3d9dfd7010c3,7630,0,587789292
k1,icem,lewm_k1_cube_s3072/weights_epoch_10.pt,T3,50,10,5,82,1,23,1,2500,441.0,0.64,3d9dfd7010c3,7650,136,834493442
k1,icem,lewm_k1_cube_s3072/weights_epoch_10.pt,T3,50,10,5,83,0,50,2,5000,412.4,1.21,3d9dfd7010c3,7692,15,151075687
k1,icem,lewm_k1_cube_s3072/weights_epoch_10.pt,T3,50,10,5,84,1,1,1,2500,399.0,0.41,3d9dfd7010c3,7983,2,349570014
k1,icem,lewm_k1_cube_s3072/weights_epoch_10.pt,T3,50,10,5,85,1,19,1,2500,413.3,0.58,3d9dfd7010c3,8241,118,745170107
k1,icem,lewm_k1_cube_s3072/weights_epoch_10.pt,T3,50,10,5,86,1,20,1,2500,397.8,0.56,3d9dfd7010c3,8246,56,1054853973
k1,icem,lewm_k1_cube_s3072/weights_epoch_10.pt,T3,50,10,5,87,1,1,1,2500,400.5,0.41,3d9dfd7010c3,8252,159,107195440
k1,icem,lewm_k1_cube_s3072/weights_epoch_10.pt,T3,50,10,5,88,1,33,2,5000,395.2,1.08,3d9dfd7010c3,8385,31,1577106534
k1,icem,lewm_k1_cube_s3072/weights_epoch_10.pt,T3,50,10,5,89,1,1,1,2500,393.5,0.4,3d9dfd7010c3,8605,85,1723652867
k1,icem,lewm_k1_cube_s3072/weights_epoch_10.pt,T3,50,10,5,90,1,20,1,2500,400.3,0.58,3d9dfd7010c3,8632,30,651476281
k1,icem,lewm_k1_cube_s3072/weights_epoch_10.pt,T3,50,10,5,91,1,1,1,2500,397.1,0.41,3d9dfd7010c3,8694,157,510188124
k1,icem,lewm_k1_cube_s3072/weights_epoch_10.pt,T3,50,10,5,92,1,23,1,2500,399.3,0.6,3d9dfd7010c3,8701,135,215840178
k1,icem,lewm_k1_cube_s3072/weights_epoch_10.pt,T3,50,10,5,93,0,50,2,5000,407.8,1.26,3d9dfd7010c3,8823,38,878777047
k1,icem,lewm_k1_cube_s3072/weights_epoch_10.pt,T3,50,10,5,94,1,1,1,2500,407.4,0.42,3d9dfd7010c3,8941,7,699804270
k1,icem,lewm_k1_cube_s3072/weights_epoch_10.pt,T3,50,10,5,95,1,1,1,2500,398.8,0.41,3d9dfd7010c3,9507,87,285887755
k1,icem,lewm_k1_cube_s3072/weights_epoch_10.pt,T3,50,10,5,96,1,1,1,2500,405.7,0.42,3d9dfd7010c3,9716,2,62907109
k1,icem,lewm_k1_cube_s3072/weights_epoch_10.pt,T3,50,10,5,97,1,1,1,2500,401.5,0.41,3d9dfd7010c3,9734,91,990086528
k1,icem,lewm_k1_cube_s3072/weights_epoch_10.pt,T3,50,10,5,98,1,24,1,2500,416.7,0.62,3d9dfd7010c3,9735,131,1667274198
k1,icem,lewm_k1_cube_s3072/weights_epoch_10.pt,T3,50,10,5,99,1,1,1,2500,416.5,0.43,3d9dfd7010c3,9797,94,1541206707
k1,icem,lewm_k1_cube_s3072/weights_epoch_10.pt,T4,20,5,2,0,0,50,2,1000,216.2,0.83,3d9dfd7010c3,273,33,1944574572
k1,icem,lewm_k1_cube_s3072/weights_epoch_10.pt,T4,20,5,2,1,1,1,1,500,201.7,0.21,3d9dfd7010c3,390,153,1264303369
k1,icem,lewm_k1_cube_s3072/weights_epoch_10.pt,T4,20,5,2,2,0,50,2,1000,203.9,0.78,3d9dfd7010c3,428,100,1508774631
k1,icem,lewm_k1_cube_s3072/weights_epoch_10.pt,T4,20,5,2,3,0,50,2,1000,204.9,0.78,3d9dfd7010c3,465,21,1632793986
k1,icem,lewm_k1_cube_s3072/weights_epoch_10.pt,T4,20,5,2,4,0,50,2,1000,201.0,0.78,3d9dfd7010c3,604,100,2089110843
k1,icem,lewm_k1_cube_s3072/weights_epoch_10.pt,T4,20,5,2,5,1,6,1,500,203.8,0.25,3d9dfd7010c3,662,140,1144597086
k1,icem,lewm_k1_cube_s3072/weights_epoch_10.pt,T4,20,5,2,6,0,50,2,1000,202.8,0.78,3d9dfd7010c3,1052,9,1452049840
k1,icem,lewm_k1_cube_s3072/weights_epoch_10.pt,T4,20,5,2,7,1,1,1,500,204.2,0.21,3d9dfd7010c3,1113,85,1848697557
k1,icem,lewm_k1_cube_s3072/weights_epoch_10.pt,T4,20,5,2,8,1,1,1,500,205.3,0.22,3d9dfd7010c3,1212,2,911471235
k1,icem,lewm_k1_cube_s3072/weights_epoch_10.pt,T4,20,5,2,9,0,50,2,1000,214.7,0.81,3d9dfd7010c3,1254,9,250582502
k1,icem,lewm_k1_cube_s3072/weights_epoch_10.pt,T4,20,5,2,10,1,12,1,500,204.8,0.3,3d9dfd7010c3,1328,140,146826075
k1,icem,lewm_k1_cube_s3072/weights_epoch_10.pt,T4,20,5,2,11,0,50,2,1000,203.2,0.78,3d9dfd7010c3,1413,7,813433918
k1,icem,lewm_k1_cube_s3072/weights_epoch_10.pt,T4,20,5,2,12,1,10,1,500,206.2,0.3,3d9dfd7010c3,1737,123,583642064
k1,icem,lewm_k1_cube_s3072/weights_epoch_10.pt,T4,20,5,2,13,1,1,1,500,202.9,0.21,3d9dfd7010c3,1792,173,443927733
k1,icem,lewm_k1_cube_s3072/weights_epoch_10.pt,T4,20,5,2,14,1,1,1,500,204.3,0.22,3d9dfd7010c3,1821,157,128119820
k1,icem,lewm_k1_cube_s3072/weights_epoch_10.pt,T4,20,5,2,15,0,50,2,1000,203.5,0.85,3d9dfd7010c3,1856,44,1058968425
k1,icem,lewm_k1_cube_s3072/weights_epoch_10.pt,T4,20,5,2,16,1,1,1,500,199.2,0.21,3d9dfd7010c3,1899,155,766196871
k1,icem,lewm_k1_cube_s3072/weights_epoch_10.pt,T4,20,5,2,17,0,50,2,1000,198.6,0.77,3d9dfd7010c3,1902,102,353852386
k1,icem,lewm_k1_cube_s3072/weights_epoch_10.pt,T4,20,5,2,18,1,1,1,500,218.6,0.23,3d9dfd7010c3,2099,160,1299467188
k1,icem,lewm_k1_cube_s3072/weights_epoch_10.pt,T4,20,5,2,19,1,21,1,500,200.2,0.39,3d9dfd7010c3,2160,135,1976052945
k1,icem,lewm_k1_cube_s3072/weights_epoch_10.pt,T4,20,5,2,20,1,1,1,500,230.0,0.24,3d9dfd7010c3,2191,7,1331698059
k1,icem,lewm_k1_cube_s3072/weights_epoch_10.pt,T4,20,5,2,21,0,50,2,1000,203.3,0.79,3d9dfd7010c3,2521,12,2010939118
k1,icem,lewm_k1_cube_s3072/weights_epoch_10.pt,T4,20,5,2,22,0,50,2,1000,199.8,0.77,3d9dfd7010c3,2651,103,1701433600
k1,icem,lewm_k1_cube_s3072/weights_epoch_10.pt,T4,20,5,2,23,1,1,1,500,200.7,0.21,3d9dfd7010c3,2653,69,1574286949
k1,icem,lewm_k1_cube_s3072/weights_epoch_10.pt,T4,20,5,2,24,1,1,1,500,199.3,0.21,3d9dfd7010c3,2658,154,1073909468
k1,icem,lewm_k1_cube_s3072/weights_epoch_10.pt,T4,20,5,2,25,1,22,1,500,203.8,0.38,3d9dfd7010c3,2835,140,2025777593
k1,icem,lewm_k1_cube_s3072/weights_epoch_10.pt,T4,20,5,2,26,0,50,2,1000,203.6,0.8,3d9dfd7010c3,2962,42,1779123799
k1,icem,lewm_k1_cube_s3072/weights_epoch_10.pt,T4,20,5,2,27,1,1,1,500,207.9,0.22,3d9dfd7010c3,2968,169,1387733298
k1,icem,lewm_k1_cube_s3072/weights_epoch_10.pt,T4,20,5,2,28,0,50,2,1000,213.3,0.82,3d9dfd7010c3,3064,17,181678436
k1,icem,lewm_k1_cube_s3072/weights_epoch_10.pt,T4,20,5,2,29,1,16,1,500,208.3,0.35,3d9dfd7010c3,3197,128,845698561
k1,icem,lewm_k1_cube_s3072/weights_epoch_10.pt,T4,20,5,2,30,0,50,2,1000,206.7,0.81,3d9dfd7010c3,3204,29,1912614971
k1,icem,lewm_k1_cube_s3072/weights_epoch_10.pt,T4,20,5,2,31,1,2,1,500,203.0,0.22,3d9dfd7010c3,3413,148,1253857118
k1,icem,lewm_k1_cube_s3072/weights_epoch_10.pt,T4,20,5,2,32,1,1,1,500,206.2,0.22,3d9dfd7010c3,3518,6,1477048496
k1,icem,lewm_k1_cube_s3072/weights_epoch_10.pt,T4,20,5,2,33,1,1,1,500,200.8,0.21,3d9dfd7010c3,3522,174,1622515669
k1,icem,lewm_k1_cube_s3072/weights_epoch_10.pt,T4,20,5,2,34,1,49,2,1000,205.4,0.81,3d9dfd7010c3,3525,110,2103617388
k1,icem,lewm_k1_cube_s3072/weights_epoch_10.pt,T4,20,5,2,35,1,1,1,500,205.3,0.22,3d9dfd7010c3,3661,6,1172226057
k1,icem,lewm_k1_cube_s3072/weights_epoch_10.pt,T4,20,5,2,36,1,5,1,500,204.7,0.25,3d9dfd7010c3,3708,61,1466658791
k1,icem,lewm_k1_cube_s3072/weights_epoch_10.pt,T4,20,5,2,37,1,23,1,500,210.1,0.41,3d9dfd7010c3,3728,129,1876363394
k1,icem,lewm_k1_cube_s3072/weights_epoch_10.pt,T4,20,5,2,38,0,50,2,1000,201.4,0.82,3d9dfd7010c3,3738,116,934549716
k1,icem,lewm_k1_cube_s3072/weights_epoch_10.pt,T4,20,5,2,39,1,1,1,500,205.9,0.22,3d9dfd7010c3,3750,87,252215217
k1,icem,lewm_k1_cube_s3072/weights_epoch_10.pt,T4,20,5,2,40,1,1,1,500,233.8,0.25,3d9dfd7010c3,3758,150,1075899435
k1,icem,lewm_k1_cube_s3072/weights_epoch_10.pt,T4,20,5,2,41,0,50,2,1000,210.8,0.8,3d9dfd7010c3,3784,49,2023525198
k1,icem,lewm_k1_cube_s3072/weights_epoch_10.pt,T4,20,5,2,42,1,6,1,500,206.7,0.26,3d9dfd7010c3,3984,57,1781081248
k1,icem,lewm_k1_cube_s3072/weights_epoch_10.pt,T4,20,5,2,43,0,50,2,1000,205.0,0.79,3d9dfd7010c3,3988,22,1385513925
k1,icem,lewm_k1_cube_s3072/weights_epoch_10.pt,T4,20,5,2,44,1,1,1,500,206.1,0.22,3d9dfd7010c3,4128,122,1329757052
k1,icem,lewm_k1_cube_s3072/weights_epoch_10.pt,T4,20,5,2,45,1,1,1,500,212.0,0.22,3d9dfd7010c3,4558,156,2013142041
k1,icem,lewm_k1_cube_s3072/weights_epoch_10.pt,T4,20,5,2,46,1,10,1,500,239.9,0.32,3d9dfd7010c3,4592,144,1699460087
k1,icem,lewm_k1_cube_s3072/weights_epoch_10.pt,T4,20,5,2,47,0,50,2,1000,204.9,0.79,3d9dfd7010c3,4620,27,1576522898
k1,icem,lewm_k1_cube_s3072/weights_epoch_10.pt,T4,20,5,2,48,1,1,1,500,204.7,0.22,3d9dfd7010c3,4669,86,93635780
k1,icem,lewm_k1_cube_s3072/weights_epoch_10.pt,T4,20,5,2,49,1,20,1,500,199.5,0.37,3d9dfd7010c3,4735,142,1026073505
k1,icem,lewm_k1_cube_s3072/weights_epoch_10.pt,T4,20,5,2,50,0,50,2,1000,199.8,0.77,3d9dfd7010c3,4744,13,2101396891
k1,icem,lewm_k1_cube_s3072/weights_epoch_10.pt,T4,20,5,2,51,0,50,2,1000,200.7,0.83,3d9dfd7010c3,4839,20,1174184702
k1,icem,lewm_k1_cube_s3072/weights_epoch_10.pt,T4,20,5,2,52,1,1,1,500,200.4,0.21,3d9dfd7010c3,4972,165,1464405264
k1,icem,lewm_k1_cube_s3072/weights_epoch_10.pt,T4,20,5,2,53,0,50,2,1000,199.8,0.77,3d9dfd7010c3,4978,48,1878354549
k1,icem,lewm_k1_cube_s3072/weights_epoch_10.pt,T4,20,5,2,54,0,50,2,1000,199.8,0.77,3d9dfd7010c3,5006,10,1914852044
k1,icem,lewm_k1_cube_s3072/weights_epoch_10.pt,T4,20,5,2,55,0,50,2,1000,203.2,0.78,3d9dfd7010c3,5164,97,1251882409
k1,icem,lewm_k1_cube_s3072/weights_epoch_10.pt,T4,20,5,2,56,1,1,1,500,206.2,0.22,3d9dfd7010c3,5381,92,1479252551
k1,icem,lewm_k1_cube_s3072/weights_epoch_10.pt,T4,20,5,2,57,1,17,1,500,204.9,0.35,3d9dfd7010c3,5382,129,1620573474
k1,icem,lewm_k1_cube_s3072/weights_epoch_10.pt,T4,20,5,2,58,1,1,1,500,204.9,0.22,3d9dfd7010c3,5601,66,955575668
k1,icem,lewm_k1_cube_s3072/weights_epoch_10.pt,T4,20,5,2,59,0,50,2,1000,212.3,0.8,3d9dfd7010c3,5621,105,4753937
k1,icem,lewm_k1_cube_s3072/weights_epoch_10.pt,T4,20,5,2,60,1,28,2,1000,206.2,0.66,3d9dfd7010c3,5862,116,987807563
k1,icem,lewm_k1_cube_s3072/weights_epoch_10.pt,T4,20,5,2,61,0,50,2,1000,208.4,0.8,3d9dfd7010c3,5908,61,39639086
k1,icem,lewm_k1_cube_s3072/weights_epoch_10.pt,T4,20,5,2,62,1,1,1,500,202.9,0.21,3d9dfd7010c3,6100,68,283736000
k1,icem,lewm_k1_cube_s3072/weights_epoch_10.pt,T4,20,5,2,63,1,1,1,500,204.6,0.21,3d9dfd7010c3,6195,168,676663461
k1,icem,lewm_k1_cube_s3072/weights_epoch_10.pt,T4,20,5,2,64,0,50,2,1000,207.8,0.8,3d9dfd7010c3,6328,9,897722396
k1,icem,lewm_k1_cube_s3072/weights_epoch_10.pt,T4,20,5,2,65,1,1,1,500,210.6,0.22,3d9dfd7010c3,6449,1,222187385
k1,icem,lewm_k1_cube_s3072/weights_epoch_10.pt,T4,20,5,2,66,0,50,2,1000,213.7,0.8,3d9dfd7010c3,6459,13,529260695
k1,icem,lewm_k1_cube_s3072/weights_epoch_10.pt,T4,20,5,2,67,1,33,2,1000,205.7,0.71,3d9dfd7010c3,6566,114,657950706
k1,icem,lewm_k1_cube_s3072/weights_epoch_10.pt,T4,20,5,2,68,0,50,2,1000,207.2,0.8,3d9dfd7010c3,6921,17,2136250276
k1,icem,lewm_k1_cube_s3072/weights_epoch_10.pt,T4,20,5,2,69,1,1,1,500,201.2,0.21,3d9dfd7010c3,6929,81,1206448321
k1,icem,lewm_k1_cube_s3072/weights_epoch_10.pt,T4,20,5,2,70,1,1,1,500,198.4,0.21,3d9dfd7010c3,6977,156,125867771
k1,icem,lewm_k1_cube_s3072/weights_epoch_10.pt,T4,20,5,2,71,1,18,1,500,205.9,0.36,3d9dfd7010c3,6979,58,1060958622
k1,icem,lewm_k1_cube_s3072/weights_epoch_10.pt,T4,20,5,2,72,1,1,1,500,198.8,0.21,3d9dfd7010c3,7034,161,763977328
k1,icem,lewm_k1_cube_s3072/weights_epoch_10.pt,T4,20,5,2,73,1,20,1,500,201.1,0.37,3d9dfd7010c3,7050,53,355809557
k1,icem,lewm_k1_cube_s3072/weights_epoch_10.pt,T4,20,5,2,74,1,1,1,500,198.2,0.21,3d9dfd7010c3,7140,4,149029292
k1,icem,lewm_k1_cube_s3072/weights_epoch_10.pt,T4,20,5,2,75,0,50,2,1000,199.2,0.77,3d9dfd7010c3,7150,22,811493065
k1,icem,lewm_k1_cube_s3072/weights_epoch_10.pt,T4,20,5,2,76,1,1,1,500,215.7,0.23,3d9dfd7010c3,7272,95,585877799
k1,icem,lewm_k1_cube_s3072/weights_epoch_10.pt,T4,20,5,2,77,1,19,1,500,201.1,0.37,3d9dfd7010c3,7292,127,441953858
k1,icem,lewm_k1_cube_s3072/weights_epoch_10.pt,T4,20,5,2,78,1,1,1,500,208.9,0.22,3d9dfd7010c3,7351,90,1110752788
k1,icem,lewm_k1_cube_s3072/weights_epoch_10.pt,T4,20,5,2,79,1,1,1,500,198.6,0.21,3d9dfd7010c3,7538,88,2055788913
k1,icem,lewm_k1_cube_s3072/weights_epoch_10.pt,T4,20,5,2,80,1,1,1,500,202.8,0.21,3d9dfd7010c3,7558,71,97517866
k1,icem,lewm_k1_cube_s3072/weights_epoch_10.pt,T4,20,5,2,81,1,1,1,500,201.4,0.21,3d9dfd7010c3,7630,0,1030514255
k1,icem,lewm_k1_cube_s3072/weights_epoch_10.pt,T4,20,5,2,82,1,35,2,1000,202.7,0.71,3d9dfd7010c3,7650,136,802802081
k1,icem,lewm_k1_cube_s3072/weights_epoch_10.pt,T4,20,5,2,83,0,50,2,1000,202.3,0.78,3d9dfd7010c3,7692,15,392539844
k1,icem,lewm_k1_cube_s3072/weights_epoch_10.pt,T4,20,5,2,84,1,1,1,500,201.0,0.21,3d9dfd7010c3,7983,2,179476093
k1,icem,lewm_k1_cube_s3072/weights_epoch_10.pt,T4,20,5,2,85,1,20,1,500,205.6,0.38,3d9dfd7010c3,8241,118,839840024
k1,icem,lewm_k1_cube_s3072/weights_epoch_10.pt,T4,20,5,2,86,1,11,1,500,203.4,0.29,3d9dfd7010c3,8246,56,549150454
k1,icem,lewm_k1_cube_s3072/weights_epoch_10.pt,T4,20,5,2,87,1,1,1,500,204.8,0.22,3d9dfd7010c3,8252,159,403126675
k1,icem,lewm_k1_cube_s3072/weights_epoch_10.pt,T4,20,5,2,88,0,50,2,1000,204.5,0.84,3d9dfd7010c3,8385,31,1080306117
k1,icem,lewm_k1_cube_s3072/weights_epoch_10.pt,T4,20,5,2,89,1,1,1,500,204.4,0.21,3d9dfd7010c3,8605,85,2027441824
k1,icem,lewm_k1_cube_s3072/weights_epoch_10.pt,T4,20,5,2,90,0,50,2,1000,203.0,0.8,3d9dfd7010c3,8632,30,951068826
k1,icem,lewm_k1_cube_s3072/weights_epoch_10.pt,T4,20,5,2,91,1,1,1,500,203.4,0.21,3d9dfd7010c3,8694,157,806911
k1,icem,lewm_k1_cube_s3072/weights_epoch_10.pt,T4,20,5,2,92,1,29,2,1000,204.8,0.67,3d9dfd7010c3,8701,135,314171409
k1,icem,lewm_k1_cube_s3072/weights_epoch_10.pt,T4,20,5,2,93,0,50,2,1000,203.5,0.81,3d9dfd7010c3,8823,38,705005428
k1,icem,lewm_k1_cube_s3072/weights_epoch_10.pt,T4,20,5,2,94,1,1,1,500,220.5,0.23,3d9dfd7010c3,8941,7,936558541
k1,icem,lewm_k1_cube_s3072/weights_epoch_10.pt,T4,20,5,2,95,1,1,1,500,198.1,0.21,3d9dfd7010c3,9507,87,258922664
k1,icem,lewm_k1_cube_s3072/weights_epoch_10.pt,T4,20,5,2,96,1,1,1,500,203.1,0.21,3d9dfd7010c3,9716,2,500922182
k1,icem,lewm_k1_cube_s3072/weights_epoch_10.pt,T4,20,5,2,97,1,1,1,500,200.2,0.21,3d9dfd7010c3,9734,91,627511331
k1,icem,lewm_k1_cube_s3072/weights_epoch_10.pt,T4,20,5,2,98,1,15,1,500,205.3,0.34,3d9dfd7010c3,9735,131,2097414261
k1,icem,lewm_k1_cube_s3072/weights_epoch_10.pt,T4,20,5,2,99,1,1,1,500,231.6,0.24,3d9dfd7010c3,9797,94,1169712912
k1,icem,lewm_k1_cube_s3072/weights_epoch_10.pt,T5,10,3,2,0,0,50,2,300,128.7,0.65,3d9dfd7010c3,273,33,81849082
k1,icem,lewm_k1_cube_s3072/weights_epoch_10.pt,T5,10,3,2,1,1,1,1,150,129.3,0.14,3d9dfd7010c3,390,153,1012698527
k1,icem,lewm_k1_cube_s3072/weights_epoch_10.pt,T5,10,3,2,2,0,50,2,300,124.4,0.63,3d9dfd7010c3,428,100,787030641
k1,icem,lewm_k1_cube_s3072/weights_epoch_10.pt,T5,10,3,2,3,0,50,2,300,136.4,0.67,3d9dfd7010c3,465,21,374686996
k1,icem,lewm_k1_cube_s3072/weights_epoch_10.pt,T5,10,3,2,4,0,50,2,300,139.9,0.66,3d9dfd7010c3,604,100,193101229
k1,icem,lewm_k1_cube_s3072/weights_epoch_10.pt,T5,10,3,2,5,1,16,1,150,124.5,0.26,3d9dfd7010c3,662,140,859708104
k1,icem,lewm_k1_cube_s3072/weights_epoch_10.pt,T5,10,3,2,6,0,50,2,300,124.3,0.63,3d9dfd7010c3,1052,9,562804006
k1,icem,lewm_k1_cube_s3072/weights_epoch_10.pt,T5,10,3,2,7,1,1,1,150,122.0,0.13,3d9dfd7010c3,1113,85,423088707
k1,icem,lewm_k1_cube_s3072/weights_epoch_10.pt,T5,10,3,2,8,1,1,1,150,124.5,0.13,3d9dfd7010c3,1212,2,1096073749
k1,icem,lewm_k1_cube_s3072/weights_epoch_10.pt,T5,10,3,2,9,0,50,2,300,123.9,0.62,3d9dfd7010c3,1254,9,2045289840
k1,icem,lewm_k1_cube_s3072/weights_epoch_10.pt,T5,10,3,2,10,1,31,2,300,126.0,0.51,3d9dfd7010c3,1328,140,2143769549
k1,icem,lewm_k1_cube_s3072/weights_epoch_10.pt,T5,10,3,2,11,0,50,2,300,121.3,0.62,3d9dfd7010c3,1413,7,1199256744
k1,icem,lewm_k1_cube_s3072/weights_epoch_10.pt,T5,10,3,2,12,1,9,1,150,123.2,0.2,3d9dfd7010c3,1737,123,1439603526
k1,icem,lewm_k1_cube_s3072/weights_epoch_10.pt,T5,10,3,2,13,1,1,1,150,123.6,0.13,3d9dfd7010c3,1792,173,1836252195
k1,icem,lewm_k1_cube_s3072/weights_epoch_10.pt,T5,10,3,2,14,1,1,1,150,124.2,0.14,3d9dfd7010c3,1821,157,1889911962
k1,icem,lewm_k1_cube_s3072/weights_epoch_10.pt,T5,10,3,2,15,0,50,2,300,128.3,0.71,3d9dfd7010c3,1856,44,1209639935
k1,icem,lewm_k1_cube_s3072/weights_epoch_10.pt,T5,10,3,2,16,1,1,1,150,122.8,0.14,3d9dfd7010c3,1899,155,1521224721
k1,icem,lewm_k1_cube_s3072/weights_epoch_10.pt,T5,10,3,2,17,0,50,2,300,124.6,0.62,3d9dfd7010c3,1902,102,1645243252
k1,icem,lewm_k1_cube_s3072/weights_epoch_10.pt,T5,10,3,2,18,1,1,1,150,125.5,0.14,3d9dfd7010c3,2099,160,980646690
k1,icem,lewm_k1_cube_s3072/weights_epoch_10.pt,T5,10,3,2,19,1,24,1,150,124.3,0.33,3d9dfd7010c3,2160,135,47127623
k1,icem,lewm_k1_cube_s3072/weights_epoch_10.pt,T5,10,3,2,20,1,1,1,150,125.4,0.14,3d9dfd7010c3,2191,7,946284829
k1,icem,lewm_k1_cube_s3072/weights_epoch_10.pt,T5,10,3,2,21,0,50,2,300,124.3,0.63,3d9dfd7010c3,2521,12,14372472
k1,icem,lewm_k1_cube_s3072/weights_epoch_10.pt,T5,10,3,2,22,0,50,2,300,124.8,0.63,3d9dfd7010c3,2651,103,309256598
k1,icem,lewm_k1_cube_s3072/weights_epoch_10.pt,T5,10,3,2,23,1,1,1,150,129.7,0.14,3d9dfd7010c3,2653,69,718440179
k1,icem,lewm_k1_cube_s3072/weights_epoch_10.pt,T5,10,3,2,24,1,1,1,150,122.9,0.13,3d9dfd7010c3,2658,154,923123274
k1,icem,lewm_k1_cube_s3072/weights_epoch_10.pt,T5,10,3,2,25,1,34,2,300,130.5,0.57,3d9dfd7010c3,2835,140,263837999
k1,icem,lewm_k1_cube_s3072/weights_epoch_10.pt,T5,10,3,2,26,0,50,2,300,136.4,0.7,3d9dfd7010c3,2962,42,487356097
k1,icem,lewm_k1_cube_s3072/weights_epoch_10.pt,T5,10,3,2,27,1,1,1,150,121.1,0.13,3d9dfd7010c3,2968,169,632295844
k1,icem,lewm_k1_cube_s3072/weights_epoch_10.pt,T5,10,3,2,28,0,50,2,300,122.2,0.63,3d9dfd7010c3,3064,17,2110980594
k1,icem,lewm_k1_cube_s3072/weights_epoch_10.pt,T5,10,3,2,29,1,27,2,300,122.9,0.49,3d9dfd7010c3,3197,128,1164928663
k1,icem,lewm_k1_cube_s3072/weights_epoch_10.pt,T5,10,3,2,30,0,50,2,300,123.5,0.67,3d9dfd7010c3,3204,29,84345005
k1,icem,lewm_k1_cube_s3072/weights_epoch_10.pt,T5,10,3,2,31,1,1,1,150,123.8,0.14,3d9dfd7010c3,3413,148,1035691976
k1,icem,lewm_k1_cube_s3072/weights_epoch_10.pt,T5,10,3,2,32,1,1,1,150,125.2,0.14,3d9dfd7010c3,3518,6,789497894
k1,icem,lewm_k1_cube_s3072/weights_epoch_10.pt,T5,10,3,2,33,1,1,1,150,126.1,0.14,3d9dfd7010c3,3522,174,397586243
k1,icem,lewm_k1_cube_s3072/weights_epoch_10.pt,T5,10,3,2,34,0,50,2,300,123.8,0.65,3d9dfd7010c3,3525,110,174430202
k1,icem,lewm_k1_cube_s3072/weights_epoch_10.pt,T5,10,3,2,35,1,1,1,150,125.0,0.14,3d9dfd7010c3,3661,6,853143711
k1,icem,lewm_k1_cube_s3072/weights_epoch_10.pt,T5,10,3,2,36,1,25,1,150,123.8,0.32,3d9dfd7010c3,3708,61,543973233
k1,icem,lewm_k1_cube_s3072/weights_epoch_10.pt,T5,10,3,2,37,0,50,2,300,124.0,0.67,3d9dfd7010c3,3728,129,416299028
k1,icem,lewm_k1_cube_s3072/weights_epoch_10.pt,T5,10,3,2,38,0,50,2,300,140.4,0.74,3d9dfd7010c3,3738,116,1085483074
k1,icem,lewm_k1_cube_s3072/weights_epoch_10.pt,T5,10,3,2,39,1,1,1,150,128.7,0.14,3d9dfd7010c3,3750,87,2014269223
k1,icem,lewm_k1_cube_s3072/weights_epoch_10.pt,T5,10,3,2,40,1,1,1,150,126.3,0.14,3d9dfd7010c3,3758,150,925359293
k1,icem,lewm_k1_cube_s3072/weights_epoch_10.pt,T5,10,3,2,41,0,50,2,300,141.3,0.69,3d9dfd7010c3,3784,49,261864408
k1,icem,lewm_k1_cube_s3072/weights_epoch_10.pt,T5,10,3,2,42,1,11,1,150,127.5,0.22,3d9dfd7010c3,3984,57,489559094
k1,icem,lewm_k1_cube_s3072/weights_epoch_10.pt,T5,10,3,2,43,0,50,2,300,127.0,0.71,3d9dfd7010c3,3988,22,630354771
k1,icem,lewm_k1_cube_s3072/weights_epoch_10.pt,T5,10,3,2,44,1,1,1,150,127.3,0.14,3d9dfd7010c3,4128,122,944065514
k1,icem,lewm_k1_cube_s3072/weights_epoch_10.pt,T5,10,3,2,45,1,1,1,150,125.2,0.14,3d9dfd7010c3,4558,156,16329871
k1,icem,lewm_k1_cube_s3072/weights_epoch_10.pt,T5,10,3,2,46,0,50,2,300,127.1,0.68,3d9dfd7010c3,4592,144,307004257
k1,icem,lewm_k1_cube_s3072/weights_epoch_10.pt,T5,10,3,2,47,0,50,2,300,126.9,0.69,3d9dfd7010c3,4620,27,720430084
k1,icem,lewm_k1_cube_s3072/weights_epoch_10.pt,T5,10,3,2,48,1,1,1,150,128.6,0.14,3d9dfd7010c3,4669,86,1922298962
k1,icem,lewm_k1_cube_s3072/weights_epoch_10.pt,T5,10,3,2,49,0,50,2,300,138.0,0.71,3d9dfd7010c3,4735,142,1244631863
k1,icem,lewm_k1_cube_s3072/weights_epoch_10.pt,T5,10,3,2,50,0,50,2,300,127.3,0.64,3d9dfd7010c3,4744,13,172487949
k1,icem,lewm_k1_cube_s3072/weights_epoch_10.pt,T5,10,3,2,51,0,50,2,300,125.4,0.63,3d9dfd7010c3,4839,20,855347816
k1,icem,lewm_k1_cube_s3072/weights_epoch_10.pt,T5,10,3,2,52,1,1,1,150,129.7,0.14,3d9dfd7010c3,4972,165,541998470
k1,icem,lewm_k1_cube_s3072/weights_epoch_10.pt,T5,10,3,2,53,0,50,2,300,131.5,0.7,3d9dfd7010c3,4978,48,418536163
k1,icem,lewm_k1_cube_s3072/weights_epoch_10.pt,T5,10,3,2,54,0,50,2,300,125.3,0.63,3d9dfd7010c3,5006,10,86336090
k1,icem,lewm_k1_cube_s3072/weights_epoch_10.pt,T5,10,3,2,55,0,50,2,300,123.3,0.62,3d9dfd7010c3,5164,97,1033438527
k1,icem,lewm_k1_cube_s3072/weights_epoch_10.pt,T5,10,3,2,56,1,1,1,150,129.8,0.14,3d9dfd7010c3,5381,92,791456465
k1,icem,lewm_k1_cube_s3072/weights_epoch_10.pt,T5,10,3,2,57,1,8,1,150,126.7,0.19,3d9dfd7010c3,5382,129,395365812
k1,icem,lewm_k1_cube_s3072/weights_epoch_10.pt,T5,10,3,2,58,1,1,1,150,125.9,0.14,3d9dfd7010c3,5601,66,1341382114
k1,icem,lewm_k1_cube_s3072/weights_epoch_10.pt,T5,10,3,2,59,0,50,2,300,126.3,0.64,3d9dfd7010c3,5621,105,2001713799
k1,icem,lewm_k1_cube_s3072/weights_epoch_10.pt,T5,10,3,2,60,0,50,2,300,126.4,0.67,3d9dfd7010c3,5862,116,1307021277
k1,icem,lewm_k1_cube_s3072/weights_epoch_10.pt,T5,10,3,2,61,1,7,1,150,124.5,0.18,3d9dfd7010c3,5908,61,1968957624
k1,icem,lewm_k1_cube_s3072/weights_epoch_10.pt,T5,10,3,2,62,1,1,1,150,128.2,0.14,3d9dfd7010c3,6100,68,1743669078
k1,icem,lewm_k1_cube_s3072/weights_epoch_10.pt,T5,10,3,2,63,1,1,1,150,126.0,0.14,3d9dfd7010c3,6195,168,1599217715
k1,icem,lewm_k1_cube_s3072/weights_epoch_10.pt,T5,10,3,2,64,0,50,2,300,127.8,0.65,3d9dfd7010c3,6328,9,1116018826
k1,icem,lewm_k1_cube_s3072/weights_epoch_10.pt,T5,10,3,2,65,1,1,1,150,123.0,0.13,3d9dfd7010c3,6449,1,2050588655
k1,icem,lewm_k1_cube_s3072/weights_epoch_10.pt,T5,10,3,2,66,0,50,2,300,122.0,0.62,3d9dfd7010c3,6459,13,1754058753
k1,icem,lewm_k1_cube_s3072/weights_epoch_10.pt,T5,10,3,2,67,0,50,2,300,122.8,0.68,3d9dfd7010c3,6566,114,1345369956
k1,icem,lewm_k1_cube_s3072/weights_epoch_10.pt,T5,10,3,2,68,0,50,2,300,126.7,0.64,3d9dfd7010c3,6921,17,139700018
k1,icem,lewm_k1_cube_s3072/weights_epoch_10.pt,T5,10,3,2,69,1,1,1,150,127.5,0.14,3d9dfd7010c3,6929,81,821018711
k1,icem,lewm_k1_cube_s3072/weights_epoch_10.pt,T5,10,3,2,70,1,1,1,150,126.2,0.14,3d9dfd7010c3,6977,156,1887938157
k1,icem,lewm_k1_cube_s3072/weights_epoch_10.pt,T5,10,3,2,71,1,5,1,150,127.6,0.17,3d9dfd7010c3,6979,58,1211875592
k1,icem,lewm_k1_cube_s3072/weights_epoch_10.pt,T5,10,3,2,72,1,1,1,150,126.9,0.14,3d9dfd7010c3,7034,161,1519283942
k1,icem,lewm_k1_cube_s3072/weights_epoch_10.pt,T5,10,3,2,73,1,45,2,300,126.8,0.64,3d9dfd7010c3,7050,53,1647446403
k1,icem,lewm_k1_cube_s3072/weights_epoch_10.pt,T5,10,3,2,74,1,1,1,150,126.2,0.14,3d9dfd7010c3,7140,4,2145726778
k1,icem,lewm_k1_cube_s3072/weights_epoch_10.pt,T5,10,3,2,75,0,50,2,300,128.0,0.72,3d9dfd7010c3,7150,22,1197037151
k1,icem,lewm_k1_cube_s3072/weights_epoch_10.pt,T5,10,3,2,76,1,1,1,150,127.7,0.14,3d9dfd7010c3,7272,95,1441593777
k1,icem,lewm_k1_cube_s3072/weights_epoch_10.pt,T5,10,3,2,77,1,20,1,150,130.0,0.3,3d9dfd7010c3,7292,127,1834000084
k1,icem,lewm_k1_cube_s3072/weights_epoch_10.pt,T5,10,3,2,78,1,1,1,150,135.8,0.15,3d9dfd7010c3,7351,90,892571266
k1,icem,lewm_k1_cube_s3072/weights_epoch_10.pt,T5,10,3,2,79,1,1,1,150,127.2,0.14,3d9dfd7010c3,7538,88,227535335
k1,icem,lewm_k1_cube_s3072/weights_epoch_10.pt,T5,10,3,2,80,1,1,1,150,123.6,0.13,3d9dfd7010c3,7558,71,1926705596
k1,icem,lewm_k1_cube_s3072/weights_epoch_10.pt,T5,10,3,2,81,1,1,1,150,123.3,0.13,3d9dfd7010c3,7630,0,1248548569
k1,icem,lewm_k1_cube_s3072/weights_epoch_10.pt,T5,10,3,2,82,1,46,2,300,124.7,0.65,3d9dfd7010c3,7650,136,1491007799
k1,icem,lewm_k1_cube_s3072/weights_epoch_10.pt,T5,10,3,2,83,0,50,2,300,126.7,0.63,3d9dfd7010c3,7692,15,1617075794
k1,icem,lewm_k1_cube_s3072/weights_epoch_10.pt,T5,10,3,2,84,1,1,1,150,126.9,0.14,3d9dfd7010c3,7983,2,2109056747
k1,icem,lewm_k1_cube_s3072/weights_epoch_10.pt,T5,10,3,2,85,0,50,2,300,126.9,0.7,3d9dfd7010c3,8241,118,1158267278
k1,icem,lewm_k1_cube_s3072/weights_epoch_10.pt,T5,10,3,2,86,1,6,1,150,126.6,0.18,3d9dfd7010c3,8246,56,1471966816
k1,icem,lewm_k1_cube_s3072/weights_epoch_10.pt,T5,10,3,2,87,1,1,1,150,127.7,0.14,3d9dfd7010c3,8252,159,1862273285
k1,icem,lewm_k1_cube_s3072/weights_epoch_10.pt,T5,10,3,2,88,0,50,2,300,127.8,0.72,3d9dfd7010c3,8385,31,929241427
k1,icem,lewm_k1_cube_s3072/weights_epoch_10.pt,T5,10,3,2,89,1,1,1,150,123.1,0.13,3d9dfd7010c3,8605,85,266305078
k1,icem,lewm_k1_cube_s3072/weights_epoch_10.pt,T5,10,3,2,90,0,50,2,300,126.7,0.72,3d9dfd7010c3,8632,30,1337399308
k1,icem,lewm_k1_cube_s3072/weights_epoch_10.pt,T5,10,3,2,91,1,1,1,150,126.9,0.14,3d9dfd7010c3,8694,157,1997242217
k1,icem,lewm_k1_cube_s3072/weights_epoch_10.pt,T5,10,3,2,92,1,39,2,300,123.8,0.59,3d9dfd7010c3,8701,135,1707004039
k1,icem,lewm_k1_cube_s3072/weights_epoch_10.pt,T5,10,3,2,93,0,50,2,300,124.8,0.69,3d9dfd7010c3,8823,38,1560459234
k1,icem,lewm_k1_cube_s3072/weights_epoch_10.pt,T5,10,3,2,94,1,1,1,150,131.0,0.14,3d9dfd7010c3,8941,7,1087737691
k1,icem,lewm_k1_cube_s3072/weights_epoch_10.pt,T5,10,3,2,95,1,1,1,150,124.8,0.13,3d9dfd7010c3,9507,87,2020206654
k1,icem,lewm_k1_cube_s3072/weights_epoch_10.pt,T5,10,3,2,96,1,1,1,150,124.9,0.14,3d9dfd7010c3,9716,2,1792821200
k1,icem,lewm_k1_cube_s3072/weights_epoch_10.pt,T5,10,3,2,97,1,1,1,150,129.1,0.14,3d9dfd7010c3,9734,91,1382031541
k1,icem,lewm_k1_cube_s3072/weights_epoch_10.pt,T5,10,3,2,98,1,35,2,300,128.5,0.55,3d9dfd7010c3,9735,131,167981283
k1,icem,lewm_k1_cube_s3072/weights_epoch_10.pt,T5,10,3,2,99,1,1,1,150,131.1,0.14,3d9dfd7010c3,9797,94,851400582
